NAME: multi_modal_data
TYPE: MM

VEHICLES: 2
DIMENSION: 51

NUM_T: 3
NUM_D: 1

MAXIMUM_SYSTEM_DURATION: 300
UNIT: MIN

SERVICETIME: 5
UNIT: MIN

MAX_WAITING_TIME: 15
UNIT: MIN

INIT_SOC: 100
MAX_SOC: 100
MIN_SOC_T: 1
MIN_SOC_D: 1
UNIT: %

CAPACITY_T: 20
CAPACITY_D: 2
UNIT: EA

CARGO_LIMIT_DRONE: 6
UNIT: KG

CARGO_LIMIT_TRUCK: 60
UNIT: KG

BATTERY_KWH_T: 58.8
BATTERY_KWH_D: 0.36
UNIT: KWH 

ENERGY_KWH/KM_T: 0.3226 
ENERGY_KWH/KM_D: 0.0231
UNIT: KWH/KM

CHARGING_KW_D: 1.0
UNIT: KW 

LOSISTIC_KWH/KG_T: 0.001
LOSISTIC_KWH/KG_D: 0.001
UNIT: KWH/KG

SPEED_T: 1.0 
SPEED_D: 1.5
UNIT: KM/MIN

NODE_COORD_SECTION
0	37.54602822	127.0772313
1	37.55193887	127.0693827
2	37.55534026	127.0712975
3	37.5574868	127.0725526
4	37.55218712	127.0686201
5	37.55118021	127.0677194
6	37.55073854	127.0687074
7	37.54900258	127.0677474
8	37.55034437	127.0670679
9	37.54957429	127.0664413
10	37.54951566	127.0665318
11	37.55030467	127.0671618
12	37.5511351	127.0678257
13	37.55874099	127.0756461
14	37.55879373	127.0749003
15	37.55609891	127.0824731
16	37.556267	127.081557
17	37.55449655	127.0865505
18	37.55120847	127.0901492
19	37.55242293	127.0892452
20	37.554926	127.085229
21	37.54891832	127.0934986
22	37.54895793	127.0926145
23	37.545741	127.102649
24	37.56153286	127.075203
25	37.56238618	127.0752287
26	37.55921103	127.0775414
27	37.55908662	127.0776319
28	37.56026752	127.0782794
29	37.56094951	127.0784952
30	37.56245368	127.0794725
31	37.56261501	127.0794161
32	37.5652136	127.0809935
33	37.56229075	127.0818721
34	37.55988373	127.0808553
35	37.55984027	127.0811552
36	37.56308993	127.0828472
37	37.56388824	127.0833601
38	37.56207257	127.0870619
39	37.55995657	127.0873831
40	37.55831636	127.0876755
41	37.56148909	127.0839868
42	37.56640123	127.0778997
43	37.56579555	127.077177
44	37.56549744	127.0809972
45	37.56634043	127.081615
46	37.56685307	127.0817412
47	37.56863463	127.0828854
48	37.56849153	127.0826419
49	37.56791599	127.0860566
50	37.56793345	127.0855902


DEMAND_SECTION
0	0
1	1
2	1
3	1
4	1
5	1
6	1
7	1
8	1
9	1
10	1
11	1
12	1
13	1
14	1
15	1
16	1
17	1
18	1
19	1
20	1
21	1
22	1
23	1
24	1
25	1
26	1
27	1
28	1
29	1
30	1
31	1
32	1
33	1
34	1
35	1
36	1
37	1
38	1
39	1
40	1
41	1
42	1
43	1
44	1
45	1
46	1
47	1
48	1
49	1
50	1


LOGISTIC_LOAD_SECTION
0	0
1	3
2	3
3	3
4	3
5	3
6	3
7	3
8	3
9	3
10	3
11	3
12	3
13	3
14	3
15	3
16	3
17	3
18	3
19	3
20	3
21	3
22	3
23	3
24	3
25	3
26	3
27	3
28	3
29	3
30	3
31	3
32	3
33	3
34	3
35	3
36	3
37	3
38	3
39	3
40	3
41	3
42	3
43	3
44	3
45	3
46	3
47	3
48	3
49	3
50	3


AVAILABILITY_LANDING_SPOT_SECTION
0	1
1	1
2	1
3	1
4	1
5	1
6	1
7	1
8	1
9	1
10	1
11	1
12	1
13	1
14	1
15	1
16	1
17	1
18	1
19	1
20	1
21	1
22	1
23	1
24	1
25	1
26	1
27	1
28	1
29	1
30	1
31	1
32	1
33	1
34	1
35	1
36	1
37	1
38	1
39	1
40	1
41	1
42	1
43	1
44	1
45	1
46	1
47	1
48	1
49	1
50	1


CUSTOMER_DRONE_PREFERENCE_SECTION
0	1
1	1
2	1
3	1
4	1
5	1
6	1
7	1
8	1
9	1
10	1
11	1
12	1
13	1
14	1
15	1
16	1
17	1
18	1
19	1
20	1
21	1
22	1
23	1
24	1
25	1
26	1
27	1
28	1
29	1
30	1
31	1
32	1
33	1
34	1
35	1
36	1
37	1
38	1
39	1
40	1
41	1
42	1
43	1
44	1
45	1
46	1
47	1
48	1
49	1
50	1


DEPOT_SECTION
0

EDGE_KM_D_TYPE: EUC_2D(haversine)
EDGE_KM_T_TYPE: MAN_2D(haversine)
EDGE_KM_D_FORMAT : FULL_MATRIX
EDGE_KM_D_FORMAT : FULL_MATRIX

EDGE_KM_D
0	0.954315913	1.160087642	1.33923325	1.022408993	1.015567599	0.915985381	0.899145368	1.016446433	1.029736129	1.019873983	1.007064954	1.005000927	1.420487964	1.434258691	1.211409483	1.200668943	1.249654823	1.276222603	1.275682248	1.214905333	1.46970441	1.394773505	2.241121909	1.733286718	1.827471363	1.466118495	1.452459219	1.58603361	1.662910809	1.837084917	1.854397998	2.158944292	1.854011899	1.57343868	1.574303992	1.960705277	2.058123022	1.98339004	1.78873171	1.647636588	1.819395344	2.266144569	2.198035057	2.190185983	2.291436064	2.349498905	2.562655486	2.542936274	2.555121132	2.544763406
0.954315913	0	0.414175058	0.677238571	0.072673971	0.169165078	0.146145492	0.356911851	0.270329254	0.369284541	0.368467052	0.267119542	0.16379246	0.936445301	0.904190155	1.243221452	1.176171334	1.539902181	1.832492688	1.751811804	1.435858387	2.152361794	2.074703525	3.012619648	1.183765729	1.27085744	1.082186875	1.077258868	1.213556084	1.284181807	1.469035931	1.480377115	1.796192665	1.592807714	1.342838546	1.359732046	1.716434635	1.812046377	1.923115466	1.820055158	1.761585682	1.668826729	1.774752889	1.6870335	1.822400384	1.930551954	1.984175448	2.20525053	2.180292096	2.305723687	2.281251295
1.160087642	0.414175058	0	0.263079879	0.422653899	0.559883754	0.560320548	0.771085413	0.669047113	0.770933316	0.771993176	0.668164577	0.558848725	0.538454203	0.498320292	0.988746846	0.91023732	1.347852429	1.724191253	1.615062096	1.228950543	2.083348876	2.008748713	2.962811923	0.769849111	0.856683969	0.698704673	0.696646906	0.82398597	0.88970404	1.070007557	1.080034929	1.391314823	1.210854379	0.982375021	1.002718964	1.333806301	1.426181475	1.578408198	1.507980393	1.48115948	1.310951661	1.360655598	1.272858477	1.416548186	1.524207043	1.576786473	1.796812917	1.771542647	1.909927322	1.883608818
1.33923325	0.677238571	0.263079879	0	0.683699178	0.820545628	0.823382078	1.034139893	0.929798424	1.031667933	1.033112314	0.929312021	0.82003559	0.306279401	0.252874719	0.888003621	0.805241115	1.277939904	1.701045706	1.575540714	1.153141293	2.077798937	2.006770991	2.957225532	0.506943662	0.593663123	0.47973047	0.481776137	0.591972639	0.65010976	0.822849274	0.831370645	1.136555124	0.979882797	0.778883961	0.802185163	1.100726721	1.189190837	1.376845767	1.335807217	1.336249126	1.101767389	1.097585817	1.0098146	1.160806326	1.267782854	1.319336891	1.538196504	1.512686571	1.661810588	1.633997043
1.022408993	0.072673971	0.422653899	0.683699178	0	0.137260668	0.16125872	0.362366442	0.246394267	0.348286019	0.349474869	0.245645689	0.136339799	0.956391715	0.91986546	1.296336775	1.227346321	1.601359594	1.901033823	1.818397976	1.495474412	2.223134273	2.145539002	3.084398446	1.190236719	1.274953357	1.108358988	1.104379616	1.237864536	1.306553837	1.489420053	1.500054297	1.813198932	1.620734191	1.37684041	1.394692224	1.74428737	1.838770829	1.962385705	1.866008514	1.812763141	1.704320733	1.779655944	1.690758515	1.838702335	1.946498974	1.999281622	2.219441949	2.19418771	2.328335253	2.302880144
1.015567599	0.169165078	0.559883754	0.820545628	0.137260668	0	0.099990775	0.242154324	0.109255573	0.211146451	0.212648622	0.109061847	0.01062905	1.093192877	1.057076249	1.41091327	1.344590757	1.700511524	1.97733449	1.902647703	1.598755073	2.286513094	2.208564644	3.138216041	1.326784985	1.410959586	1.243817621	1.239534767	1.373887724	1.44303255	1.626273142	1.637004047	1.950407855	1.755764722	1.509124397	1.526450163	1.879366326	1.974237492	2.091439303	1.98921239	1.929857002	1.835834443	1.915681045	1.826506482	1.975941628	2.083750046	2.13654229	2.356688787	2.331426086	2.464895356	2.43961596
0.915985381	0.146145492	0.560320548	0.823382078	0.16125872	0.099990775	0	0.210768095	0.151033332	0.238053175	0.235108003	0.144544685	0.089364592	1.079784024	1.048952103	1.351980884	1.288798988	1.627514548	1.890961119	1.820192483	1.529073131	2.194896658	2.116883328	3.043452886	1.329857671	1.417002652	1.222284226	1.216796739	1.35450127	1.426038526	1.611655689	1.623293044	1.939989474	1.731114671	1.476760044	1.492760707	1.854676858	1.950966231	2.05087895	1.939304417	1.872397841	1.800863974	1.920878467	1.833178991	1.966432734	2.074668951	2.128547143	2.34984671	2.324977399	2.446829005	2.42287842
0.899145368	0.356911851	0.771085413	1.034139893	0.362366442	0.242154324	0.210768095	0	0.160776888	0.131527493	0.121406069	0.1537146	0.237226181	1.287408907	1.258142785	1.519149569	1.460995497	1.766592222	1.990066464	1.932967743	1.675952425	2.270222265	2.1922665	3.098259408	1.540533302	1.627768899	1.426158408	1.420054052	1.559162357	1.631684717	1.818074721	1.830061603	2.14771755	1.932236334	1.673051713	1.687965245	2.055593177	2.152632947	2.238521375	2.116540071	2.03928271	1.994251879	2.131599721	2.043943447	2.174448986	2.282767474	2.336959051	2.558513916	2.533763477	2.650974539	2.627702848
1.016446433	0.270329254	0.669047113	0.929798424	0.246394267	0.109255573	0.151033332	0.160776888	0	0.10190081	0.103561525	0.009381494	0.110425607	1.201478001	1.165944435	1.501229657	1.437057401	1.77846483	2.03704465	1.968681809	1.680090813	2.335475428	2.257415053	3.178326313	1.435984951	1.51999939	1.350729205	1.346171893	1.481304728	1.550909335	1.73456794	1.745424589	2.05924648	1.862150706	1.613166954	1.630043048	1.98577576	2.081008021	2.192502329	2.085530371	2.021356803	1.939080338	2.024711128	1.935435595	2.084863132	2.192715652	2.245589792	2.465816193	2.440572007	2.572788262	2.547723259
1.029736129	0.369284541	0.770933316	1.031667933	0.348286019	0.211146451	0.238053175	0.131527493	0.10190081	0	0.010303204	0.103103507	0.212170112	1.302833594	1.267672157	1.58861789	1.52624602	1.85530713	2.097911728	2.035118285	1.759896395	2.386453354	2.308414249	3.220427018	1.537766471	1.621594979	1.451105125	1.446349881	1.582025887	1.651953401	1.835896729	1.846840673	2.160938211	1.962056688	1.711324686	1.727847964	2.085684954	2.181184819	2.28812732	2.177323262	2.109218172	2.036523509	2.126286618	2.036904231	2.186607615	2.294486726	2.347409494	2.567678789	2.542443744	2.673792934	2.64888893
1.019873983	0.368467052	0.771993176	1.033112314	0.349474869	0.212648622	0.235108003	0.121406069	0.103561525	0.010303204	0	0.103835927	0.213161527	1.303006285	1.268293378	1.584526426	1.522490153	1.849627969	2.090541313	2.028267359	1.754615549	2.378288658	2.300255316	3.211661586	1.539430786	1.62354331	1.450576467	1.445713077	1.581697181	1.651846102	1.836019897	1.847047912	2.161473903	1.961251612	1.709799135	1.7261966	2.084876695	2.180512033	2.285771965	2.174038419	2.10516457	2.034731689	2.128258227	2.038996124	2.187229924	2.295156833	2.348185004	2.568577508	2.543377896	2.673627384	2.648850399
1.007064954	0.267119542	0.668164577	0.929312021	0.245645689	0.109061847	0.144544685	0.1537146	0.009381494	0.103103507	0.103835927	0	0.109325608	1.199734196	1.164636987	1.495642404	1.431744258	1.771628946	2.028990362	1.960987272	1.673555295	2.32692053	2.248858713	3.169447448	1.435706604	1.51999973	1.348324106	1.343664038	1.479098605	1.548916888	1.732801388	1.743738061	2.057877935	1.859521042	1.60985741	1.626620207	1.983149164	2.078510332	2.188490966	2.080700921	2.015868338	1.935554915	2.024722488	1.935566254	2.083577007	2.191476027	2.244450499	2.464794941	2.439584201	2.570772527	2.545824698
1.005000927	0.16379246	0.558848725	0.82003559	0.136339799	0.01062905	0.089364592	0.237226181	0.110425607	0.212170112	0.213161527	0.109325608	0	1.091110725	1.055534483	1.404244327	1.338226859	1.69246609	1.967978466	1.893674892	1.591031782	2.27665115	2.198695272	3.128056104	1.326520699	1.411033415	1.240938215	1.236528814	1.371266744	1.440677752	1.624203704	1.635031731	1.948828155	1.752665822	1.505183719	1.522375702	1.876279977	1.971310736	2.086727086	1.983528573	1.923396557	1.831673584	1.91575304	1.826723779	1.974461014	2.082326914	2.135239481	2.355528548	2.330305303	2.462560056	2.437418467
1.420487964	0.936445301	0.538454203	0.306279401	0.956391715	1.093192877	1.079784024	1.287408907	1.201478001	1.302833594	1.303006285	1.199734196	1.091110725	0	0.066001467	0.669676297	0.58920301	1.070839649	1.528411898	1.389470176	0.945263197	1.915642293	1.849554105	2.784977321	0.312889515	0.406993584	0.175050376	0.179212423	0.287559821	0.351251849	0.533093178	0.544052227	0.860326349	0.675999216	0.476431956	0.500757825	0.797963748	0.888769204	1.072278265	1.043371585	1.06141581	0.796174143	0.874636132	0.795953883	0.88707128	0.995418763	1.04989131	1.271780009	1.24729259	1.37216418	1.346493643
1.434258691	0.904190155	0.498320292	0.252874719	0.91986546	1.057076249	1.048952103	1.258142785	1.165944435	1.267672157	1.268293378	1.164636987	1.055534483	0.066001467	0	0.731706193	0.650577257	1.132684824	1.586923418	1.449429485	1.006937235	1.973267235	1.906475587	2.84436573	0.30574424	0.400510208	0.237384906	0.242975744	0.339962327	0.397332113	0.572753721	0.582226057	0.893333637	0.727224335	0.538725548	0.563496769	0.84787011	0.936456138	1.132294491	1.107890096	1.127355654	0.85517693	0.886267199	0.804014219	0.918940401	1.026875698	1.080129768	1.301063702	1.276105898	1.412750312	1.385873918
1.211409483	1.243221452	0.988746846	0.888003621	1.296336775	1.41091327	1.351980884	1.519149569	1.501229657	1.58861789	1.584526426	1.495642404	1.404244327	0.669676297	0.731706193	0	0.082889522	0.401167875	0.868101656	0.723506913	0.275731603	1.257858178	1.195727194	2.118984344	0.880777515	0.946854567	0.555640957	0.540815844	0.592885184	0.643321768	0.754498185	0.773043311	1.021865533	0.690537253	0.444358162	0.43193633	0.778066122	0.869656899	0.777707351	0.609363424	0.52067234	0.614033762	1.214425993	1.174938503	1.053136368	1.141315687	1.197548623	1.394384051	1.378078697	1.351431981	1.344319158
1.200668943	1.176171334	0.91023732	0.805241115	1.227346321	1.344590757	1.288798988	1.460995497	1.437057401	1.52624602	1.522490153	1.431744258	1.338226859	0.58920301	0.650577257	0.082889522	0	0.48220166	0.943446529	0.801269221	0.356385627	1.332632875	1.269139091	2.197111862	0.810279782	0.879851066	0.482141511	0.466916254	0.530426623	0.586464288	0.71204395	0.730658341	0.996057104	0.670386993	0.406891412	0.398905502	0.767152771	0.862219605	0.807585488	0.657312382	0.585506354	0.618911763	1.17208089	1.127675819	1.027564937	1.120127524	1.177230871	1.380195238	1.362667084	1.354669384	1.345081058
1.249654823	1.539902181	1.347852429	1.277939904	1.601359594	1.700511524	1.627514548	1.766592222	1.77846483	1.85530713	1.849627969	1.771628946	1.69246609	1.070839649	1.132684824	0.401167875	0.48220166	0	0.484065087	0.331050617	0.125900781	0.871729643	0.815515241	1.721045082	1.269914406	1.328767875	0.951571532	0.937320433	0.971265266	1.009480892	1.082646879	1.100190136	1.288425769	0.959789117	0.78157974	0.761088922	1.009762616	1.081512764	0.84362141	0.61154737	0.436167447	0.809711079	1.527659448	1.503724994	1.317550633	1.386975609	1.437893693	1.604935228	1.593853419	1.49281064	1.49651293
1.276222603	1.832492688	1.724191253	1.701045706	1.901033823	1.97733449	1.890961119	1.990066464	2.03704465	2.097911728	2.090541313	2.028990362	1.967978466	1.528411898	1.586923418	0.868101656	0.943446529	0.484065087	0	0.156803302	0.599168616	0.389918115	0.331450177	1.258557398	1.747510466	1.80960541	1.423739082	1.408878025	1.452417278	1.492845735	1.5650213	1.582358026	1.754004294	1.432097905	1.265600644	1.244920419	1.469615876	1.531679456	1.238309533	1.002840861	0.819892586	1.265656962	2.004950026	1.984552301	1.781937226	1.843108481	1.89090137	2.040746737	2.032530853	1.892495242	1.902658062
1.275682248	1.751811804	1.615062096	1.575540714	1.818397976	1.902647703	1.820192483	1.932967743	1.968681809	2.035118285	2.028267359	1.960987272	1.893674892	1.389470176	1.449429485	0.723506913	0.801269221	0.331050617	0.156803302	0	0.450347615	0.540798504	0.486492051	1.395843204	1.599472579	1.659496311	1.278333467	1.263743847	1.302022971	1.340480732	1.409309866	1.426563109	1.59746176	1.275294777	1.111401834	1.090327951	1.313371238	1.37638935	1.090115752	0.853634072	0.669769748	1.109570671	1.848254018	1.828305167	1.625478839	1.687392939	1.735549574	1.887815088	1.879163806	1.745528687	1.754526489
1.214905333	1.435858387	1.228950543	1.153141293	1.495474412	1.598755073	1.529073131	1.675952425	1.680090813	1.759896395	1.754615549	1.673555295	1.591031782	0.945263197	1.006937235	0.275731603	0.356385627	0.125900781	0.599168616	0.450347615	0	0.988794534	0.929670742	1.844313835	1.149246019	1.210444614	0.828401133	0.813946706	0.853261815	0.894953626	0.978833166	0.996763348	1.203312698	0.870743968	0.672713715	0.653875995	0.931750615	1.010081324	0.810921439	0.590724243	0.434317081	0.737952187	1.430216747	1.401625797	1.233256752	1.308594486	1.361398003	1.538265769	1.525559752	1.446263876	1.446714814
1.46970441	2.152361794	2.083348876	2.077798937	2.223134273	2.286513094	2.194896658	2.270222265	2.335475428	2.386453354	2.378288658	2.32692053	2.27665115	1.915642293	1.973267235	1.257858178	1.332632875	0.871729643	0.389918115	0.540798504	0.988794534	0	0.078065842	0.880682478	2.137424279	2.199190567	1.813453986	1.798544869	1.84187355	1.881210311	1.947806157	1.964837223	2.120916576	1.80593916	1.651936041	1.630613632	1.834332487	1.889325906	1.568885957	1.340572481	1.16428644	1.630005515	2.381151315	2.36470539	2.147774692	2.202330378	2.24748243	2.383618811	2.377550169	2.21195978	2.226342598
1.394773505	2.074703525	2.008748713	2.006770991	2.145539002	2.208564644	2.116883328	2.1922665	2.257415053	2.308414249	2.300255316	2.248858713	2.198695272	1.849554105	1.906475587	1.195727194	1.269139091	0.815515241	0.331450177	0.486492051	0.929670742	0.078065842	0	0.954234162	2.076278766	2.139698629	1.750818181	1.735764279	1.782794387	1.824036435	1.895801793	1.913052108	2.077643919	1.759165117	1.597034637	1.576290279	1.791825339	1.849778762	1.538236244	1.307052379	1.128023471	1.587451978	2.333351904	2.314550306	2.105000405	2.162409312	2.208656846	2.350022388	2.343182846	2.185864724	2.198957686
2.241121909	3.012619648	2.962811923	2.957225532	3.084398446	3.138216041	3.043452886	3.098259408	3.178326313	3.220427018	3.211661586	3.169447448	3.128056104	2.784977321	2.84436573	2.118984344	2.197111862	1.721045082	1.258557398	1.395843204	1.844313835	0.880682478	0.954234162	0	2.989524658	3.044415869	2.672520808	2.65817111	2.68779708	2.7191126	2.761829455	2.777594278	2.886603169	2.596361676	2.482768624	2.459284597	2.601642059	2.638763883	2.277244847	2.075977261	1.922936154	2.40268039	3.168175546	3.164569856	2.910136249	2.94695815	2.984593039	3.084714449	3.083822022	2.86690948	2.889758323
1.733286718	1.183765729	0.769849111	0.506943662	1.190236719	1.326784985	1.329857671	1.540533302	1.435984951	1.537766471	1.539430786	1.435706604	1.326520699	0.312889515	0.30574424	0.880777515	0.810279782	1.269914406	1.747510466	1.599472579	1.149246019	2.137424279	2.076278766	2.989524658	0	0.094912023	0.330363764	0.346160239	0.305498169	0.297350902	0.390009929	0.390366325	0.654220729	0.593849841	0.53089811	0.557394169	0.695674774	0.765206996	1.04701129	1.087830442	1.156116944	0.774256903	0.591222977	0.504915635	0.674661393	0.777934818	0.825876291	1.040239637	1.014207644	1.191192627	1.159627865
1.827471363	1.27085744	0.856683969	0.593663123	1.274953357	1.410959586	1.417002652	1.627768899	1.51999939	1.621594979	1.62354331	1.51999973	1.411033415	0.406993584	0.400510208	0.946854567	0.879851066	1.328767875	1.80960541	1.659496311	1.210444614	2.199190567	2.139698629	3.044415869	0.094912023	0	0.407686443	0.423655502	0.357503255	0.329271487	0.374137368	0.369966428	0.597518788	0.585667252	0.568682769	0.594165417	0.676060202	0.735924398	1.043601457	1.104883742	1.186799373	0.77839003	0.504723258	0.41618552	0.6149805	0.714268798	0.759079043	0.968594865	0.942237672	1.135301815	1.102055266
1.466118495	1.082186875	0.698704673	0.47973047	1.108358988	1.243817621	1.222284226	1.426158408	1.350729205	1.451105125	1.450576467	1.348324106	1.240938215	0.175050376	0.237384906	0.555640957	0.482141511	0.951571532	1.423739082	1.278333467	0.828401133	1.813453986	1.750818181	2.672520808	0.330363764	0.407686443	0	0.015969062	0.134285109	0.210801548	0.398725685	0.413004478	0.733542188	0.512825314	0.301534139	0.326138018	0.636203659	0.730436069	0.897485171	0.871463887	0.898818189	0.622046314	0.800138372	0.732870412	0.76250278	0.870277056	0.926887889	1.148857433	1.125620607	1.224844111	1.201659825
1.452459219	1.077258868	0.696646906	0.481776137	1.104379616	1.239534767	1.216796739	1.420054052	1.346171893	1.446349881	1.445713077	1.343664038	1.236528814	0.179212423	0.242975744	0.540815844	0.466916254	0.937320433	1.408878025	1.263743847	0.813946706	1.798544869	1.735764279	2.65817111	0.346160239	0.423655502	0.015969062	0	0.143177938	0.220679391	0.408041102	0.42268631	0.742934525	0.516361853	0.297635816	0.321675002	0.639908161	0.734846301	0.895070203	0.864961538	0.889452496	0.620597599	0.813691095	0.74707679	0.772104983	0.879683227	0.936472801	1.158277104	1.135189988	1.230977597	1.20820468
1.58603361	1.213556084	0.82398597	0.591972639	1.237864536	1.373887724	1.35450127	1.559162357	1.481304728	1.582025887	1.581697181	1.479098605	1.371266744	0.287559821	0.339962327	0.592885184	0.530426623	0.971265266	1.452417278	1.302022971	0.853261815	1.84187355	1.782794387	2.68779708	0.305498169	0.357503255	0.134285109	0.143177938	0	0.0781832	0.264863303	0.279598086	0.599756591	0.388454893	0.231030869	0.257903703	0.510490767	0.602199756	0.799727269	0.803198585	0.856182175	0.521093873	0.682859007	0.622322381	0.628948746	0.73650531	0.793308943	1.015099289	0.992021079	1.092337899	1.068568287
1.662910809	1.284181807	0.88970404	0.65010976	1.306553837	1.44303255	1.426038526	1.631684717	1.550909335	1.651953401	1.651846102	1.548916888	1.440677752	0.351251849	0.397332113	0.643321768	0.586464288	1.009480892	1.492845735	1.340480732	0.894953626	1.881210311	1.824036435	2.7191126	0.297350902	0.329271487	0.210801548	0.220679391	0.0781832	0	0.188136432	0.202203346	0.522785834	0.332927009	0.239420036	0.264930468	0.451437579	0.539125487	0.765362002	0.791170441	0.860552558	0.487759192	0.608472561	0.551239906	0.551701304	0.659506922	0.716086388	0.938075062	0.914819105	1.021882567	0.997070698
1.837084917	1.469035931	1.070007557	0.822849274	1.489420053	1.626273142	1.611655689	1.818074721	1.73456794	1.835896729	1.836019897	1.732801388	1.624203704	0.533093178	0.572753721	0.754498185	0.71204395	1.082646879	1.5650213	1.409309866	0.978833166	1.947806157	1.895801793	2.761829455	0.390009929	0.374137368	0.398725685	0.408041102	0.264863303	0.188136432	0	0.018615179	0.334894216	0.212283035	0.310674102	0.326261452	0.30575315	0.377971712	0.670296281	0.750528925	0.857005851	0.412109631	0.460318538	0.423110903	0.36415602	0.471643119	0.528481934	0.750237737	0.727176897	0.840051526	0.813649991
1.854397998	1.480377115	1.080034929	0.831370645	1.500054297	1.637004047	1.623293044	1.830061603	1.745424589	1.846840673	1.847047912	1.743738061	1.635031731	0.544052227	0.582226057	0.773043311	0.730658341	1.100190136	1.582358026	1.426563109	0.996763348	1.964837223	1.913052108	2.777594278	0.390366325	0.369966428	0.413004478	0.42268631	0.279598086	0.202203346	0.018615179	0	0.320660067	0.219461734	0.329134524	0.34451977	0.307002379	0.37535667	0.676619697	0.761927897	0.870918712	0.42188265	0.441715624	0.405000422	0.349498516	0.457345693	0.513883651	0.735890558	0.712616335	0.83066855	0.803661444
2.158944292	1.796192665	1.391314823	1.136555124	1.813198932	1.950407855	1.939989474	2.14771755	2.05924648	2.160938211	2.161473903	2.057877935	1.948828155	0.860326349	0.893333637	1.021865533	0.996057104	1.288425769	1.754004294	1.59746176	1.203312698	2.120916576	2.077643919	2.886603169	0.654220729	0.597518788	0.733542188	0.742934525	0.599756591	0.522785834	0.334894216	0.320660067	0	0.334105364	0.592780496	0.597657832	0.287155481	0.255402207	0.638814075	0.811725384	0.967000893	0.491047022	0.302979519	0.342552117	0.031563296	0.136748907	0.193846995	0.415343665	0.392378551	0.537993894	0.505577821
1.854011899	1.592807714	1.210854379	0.979882797	1.620734191	1.755764722	1.731114671	1.932236334	1.862150706	1.962056688	1.961251612	1.859521042	1.752665822	0.675999216	0.727224335	0.690537253	0.670386993	0.959789117	1.432097905	1.275294777	0.870743968	1.80593916	1.759165117	2.596361676	0.593849841	0.585667252	0.512825314	0.516361853	0.388454893	0.332927009	0.212283035	0.219461734	0.334105364	0	0.2822563	0.279712661	0.123628661	0.22080616	0.458089868	0.550757706	0.676004764	0.206615995	0.575760578	0.568450484	0.364811681	0.450874327	0.50743872	0.711039661	0.692826575	0.726139523	0.707868348
1.57343868	1.342838546	0.982375021	0.778883961	1.37684041	1.509124397	1.476760044	1.673051713	1.613166954	1.711324686	1.709799135	1.60985741	1.505183719	0.476431956	0.538725548	0.444358162	0.406891412	0.78157974	1.265600644	1.111401834	0.672713715	1.651936041	1.597034637	2.482768624	0.53089811	0.568682769	0.301534139	0.297635816	0.231030869	0.239420036	0.310674102	0.329134524	0.592780496	0.2822563	0	0.026873134	0.397402116	0.49701194	0.598777494	0.575457429	0.62593404	0.328718667	0.770115294	0.732969767	0.624342228	0.721069193	0.778880334	0.989372397	0.970012517	1.003936976	0.987602235
1.574303992	1.359732046	1.002718964	0.802185163	1.394692224	1.526450163	1.492760707	1.687965245	1.630043048	1.727847964	1.7261966	1.626620207	1.522375702	0.500757825	0.563496769	0.43193633	0.398905502	0.761088922	1.244920419	1.090327951	0.653875995	1.630613632	1.576290279	2.459284597	0.557394169	0.594165417	0.326138018	0.321675002	0.257903703	0.264930468	0.326261452	0.34451977	0.597657832	0.279712661	0.026873134	0	0.390914154	0.490279733	0.576788877	0.549117855	0.599204893	0.309693458	0.783949552	0.749306983	0.629203614	0.723921156	0.781497612	0.989709427	0.970861542	0.996497367	0.981156361
1.960705277	1.716434635	1.333806301	1.100726721	1.74428737	1.879366326	1.854676858	2.055593177	1.98577576	2.085684954	2.084876695	1.983149164	1.876279977	0.797963748	0.84787011	0.778066122	0.767152771	1.009762616	1.469615876	1.313371238	0.931750615	1.834332487	1.791825339	2.601642059	0.695674774	0.676060202	0.636203659	0.639908161	0.510490767	0.451437579	0.30575315	0.307002379	0.287155481	0.123628661	0.397402116	0.390914154	0	0.099616997	0.388338595	0.530323779	0.680348568	0.204391295	0.570729962	0.583341843	0.313454725	0.377404298	0.429647758	0.616552555	0.600903854	0.606625487	0.590351444
2.058123022	1.812046377	1.426181475	1.189190837	1.838770829	1.974237492	1.950966231	2.152632947	2.081008021	2.181184819	2.180512033	2.078510332	1.971310736	0.888769204	0.936456138	0.869656899	0.862219605	1.081512764	1.531679456	1.37638935	1.010081324	1.889325906	1.849778762	2.638763883	0.765206996	0.735924398	0.730436069	0.734846301	0.602199756	0.539125487	0.377971712	0.37535667	0.255402207	0.22080616	0.49701194	0.490279733	0.099616997	0	0.383697243	0.562913223	0.727014731	0.272432665	0.556517966	0.584793204	0.27457786	0.313062618	0.359229085	0.529431031	0.515762526	0.507020261	0.490878958
1.98339004	1.923115466	1.578408198	1.376845767	1.962385705	2.091439303	2.05087895	2.238521375	2.192502329	2.28812732	2.285771965	2.188490966	2.086727086	1.072278265	1.132294491	0.777707351	0.807585488	0.84362141	1.238309533	1.090115752	0.810921439	1.568885957	1.538236244	2.277244847	1.04701129	1.043601457	0.897485171	0.895070203	0.799727269	0.765362002	0.670296281	0.676619697	0.638814075	0.458089868	0.598777494	0.576788877	0.388338595	0.383697243	0	0.236986057	0.421159454	0.278708302	0.940126067	0.964617299	0.65633571	0.67505836	0.708870977	0.817267148	0.813154166	0.655773384	0.664485079
1.78873171	1.820055158	1.507980393	1.335807217	1.866008514	1.98921239	1.939304417	2.116540071	2.085530371	2.177323262	2.174038419	2.080700921	1.983528573	1.043371585	1.107890096	0.609363424	0.657312382	0.61154737	1.002840861	0.853634072	0.590724243	1.340572481	1.307052379	2.075977261	1.087830442	1.104883742	0.871463887	0.864961538	0.803198585	0.791170441	0.750528925	0.761927897	0.811725384	0.550757706	0.575457429	0.549117855	0.530323779	0.562913223	0.236986057	0	0.184195471	0.34447067	1.101020483	1.109420204	0.834520721	0.873142033	0.913983209	1.043216746	1.036977911	0.892737788	0.900957265
1.647636588	1.761585682	1.48115948	1.336249126	1.812763141	1.929857002	1.872397841	2.03928271	2.021356803	2.109218172	2.10516457	2.015868338	1.923396557	1.06141581	1.127355654	0.52067234	0.585506354	0.436167447	0.819892586	0.669769748	0.434317081	1.16428644	1.128023471	1.922936154	1.156116944	1.186799373	0.898818189	0.889452496	0.856182175	0.860552558	0.857005851	0.870918712	0.967000893	0.676004764	0.62593404	0.599204893	0.680348568	0.727014731	0.421159454	0.184195471	0	0.479772129	1.245260513	1.244170673	0.992024772	1.03992723	1.083815452	1.222559303	1.215308936	1.076927001	1.085054124
1.819395344	1.668826729	1.310951661	1.101767389	1.704320733	1.835834443	1.800863974	1.994251879	1.939080338	2.036523509	2.034731689	1.935554915	1.831673584	0.796174143	0.85517693	0.614033762	0.618911763	0.809711079	1.265656962	1.109570671	0.737952187	1.630005515	1.587451978	2.40268039	0.774256903	0.77839003	0.622046314	0.620597599	0.521093873	0.487759192	0.412109631	0.42188265	0.491047022	0.206615995	0.328718667	0.309693458	0.204391295	0.272432665	0.278708302	0.34447067	0.479772129	0	0.765637197	0.767839449	0.517777339	0.578536569	0.628431861	0.800457356	0.787608434	0.737557939	0.730384221
2.266144569	1.774752889	1.360655598	1.097585817	1.779655944	1.915681045	1.920878467	2.131599721	2.024711128	2.126286618	2.128258227	2.024722488	1.91575304	0.874636132	0.886267199	1.214425993	1.17208089	1.527659448	2.004950026	1.848254018	1.430216747	2.381151315	2.333351904	3.168175546	0.591222977	0.504723258	0.800138372	0.813691095	0.682859007	0.608472561	0.460318538	0.441715624	0.302979519	0.575760578	0.770115294	0.783949552	0.570729962	0.556517966	0.940126067	1.101020483	1.245260513	0.765637197	0	0.092699872	0.29091998	0.327530811	0.342290386	0.504746474	0.478245204	0.738396596	0.698906597
2.198035057	1.6870335	1.272858477	1.0098146	1.690758515	1.826506482	1.833178991	2.043943447	1.935435595	2.036904231	2.038996124	1.935566254	1.826723779	0.795953883	0.804014219	1.174938503	1.127675819	1.503724994	1.984552301	1.828305167	1.401625797	2.36470539	2.314550306	3.164569856	0.504915635	0.41618552	0.732870412	0.74707679	0.622322381	0.551239906	0.423110903	0.405000422	0.342552117	0.568450484	0.732969767	0.749306983	0.583341843	0.584793204	0.964617299	1.109420204	1.244170673	0.767839449	0.092699872	0	0.338337791	0.395824839	0.419116344	0.593965682	0.567333496	0.817375429	0.778696111
2.190185983	1.822400384	1.416548186	1.160806326	1.838702335	1.975941628	1.966432734	2.174448986	2.084863132	2.186607615	2.187229924	2.083577007	1.974461014	0.88707128	0.918940401	1.053136368	1.027564937	1.317550633	1.781937226	1.625478839	1.233256752	2.147774692	2.105000405	2.910136249	0.674661393	0.6149805	0.76250278	0.772104983	0.628948746	0.551701304	0.36415602	0.349498516	0.031563296	0.364811681	0.624342228	0.629203614	0.313454725	0.27457786	0.65633571	0.834520721	0.992024772	0.517777339	0.29091998	0.338337791	0	0.10840459	0.164385137	0.386504279	0.36311784	0.520743511	0.487082847
2.291436064	1.930551954	1.524207043	1.267782854	1.946498974	2.083750046	2.074668951	2.282767474	2.192715652	2.294486726	2.295156833	2.191476027	2.082326914	0.995418763	1.026875698	1.141315687	1.120127524	1.386975609	1.843108481	1.687392939	1.308594486	2.202330378	2.162409312	2.94695815	0.777934818	0.714268798	0.870277056	0.879683227	0.73650531	0.659506922	0.471643119	0.457345693	0.136748907	0.450874327	0.721069193	0.723921156	0.377404298	0.313062618	0.67505836	0.873142033	1.03992723	0.578536569	0.327530811	0.395824839	0.10840459	0	0.058078132	0.278594853	0.255742872	0.428886335	0.392597159
2.349498905	1.984175448	1.576786473	1.319336891	1.999281622	2.13654229	2.128547143	2.336959051	2.245589792	2.347409494	2.348185004	2.244450499	2.135239481	1.04989131	1.080129768	1.197548623	1.177230871	1.437893693	1.89090137	1.735549574	1.361398003	2.24748243	2.208656846	2.984593039	0.825876291	0.759079043	0.926887889	0.936472801	0.793308943	0.716086388	0.528481934	0.513883651	0.193846995	0.50743872	0.778880334	0.781497612	0.429647758	0.359229085	0.708870977	0.913983209	1.083815452	0.628431861	0.342290386	0.419116344	0.164385137	0.058078132	0	0.222292268	0.198732718	0.398288408	0.359883364
2.562655486	2.20525053	1.796812917	1.538196504	2.219441949	2.356688787	2.34984671	2.558513916	2.465816193	2.567678789	2.568577508	2.464794941	2.355528548	1.271780009	1.301063702	1.394384051	1.380195238	1.604935228	2.040746737	1.887815088	1.538265769	2.383618811	2.350022388	3.084714449	1.040239637	0.968594865	1.148857433	1.158277104	1.015099289	0.938075062	0.750237737	0.735890558	0.415343665	0.711039661	0.989372397	0.989709427	0.616552555	0.529431031	0.817267148	1.043216746	1.222559303	0.800457356	0.504746474	0.593965682	0.386504279	0.278594853	0.222292268	0	0.026716492	0.290696507	0.250817086
2.542936274	2.180292096	1.771542647	1.512686571	2.19418771	2.331426086	2.324977399	2.533763477	2.440572007	2.542443744	2.543377896	2.439584201	2.330305303	1.24729259	1.276105898	1.378078697	1.362667084	1.593853419	2.032530853	1.879163806	1.525559752	2.377550169	2.343182846	3.083822022	1.014207644	0.942237672	1.125620607	1.135189988	0.992021079	0.914819105	0.727176897	0.712616335	0.392378551	0.692826575	0.970012517	0.970861542	0.600903854	0.515762526	0.813154166	1.036977911	1.215308936	0.787608434	0.478245204	0.567333496	0.36311784	0.255742872	0.198732718	0.026716492	0	0.307688276	0.26715944
2.555121132	2.305723687	1.909927322	1.661810588	2.328335253	2.464895356	2.446829005	2.650974539	2.572788262	2.673792934	2.673627384	2.570772527	2.462560056	1.37216418	1.412750312	1.351431981	1.354669384	1.49281064	1.892495242	1.745528687	1.446263876	2.21195978	2.185864724	2.86690948	1.191192627	1.135301815	1.224844111	1.230977597	1.092337899	1.021882567	0.840051526	0.83066855	0.537993894	0.726139523	1.003936976	0.996497367	0.606625487	0.507020261	0.655773384	0.892737788	1.076927001	0.737557939	0.738396596	0.817375429	0.520743511	0.428886335	0.398288408	0.290696507	0.307688276	0	0.041152768
2.544763406	2.281251295	1.883608818	1.633997043	2.302880144	2.43961596	2.42287842	2.627702848	2.547723259	2.64888893	2.648850399	2.545824698	2.437418467	1.346493643	1.385873918	1.344319158	1.345081058	1.49651293	1.902658062	1.754526489	1.446714814	2.226342598	2.198957686	2.889758323	1.159627865	1.102055266	1.201659825	1.20820468	1.068568287	0.997070698	0.813649991	0.803661444	0.505577821	0.707868348	0.987602235	0.981156361	0.590351444	0.490878958	0.664485079	0.900957265	1.085054124	0.730384221	0.698906597	0.778696111	0.487082847	0.392597159	0.359883364	0.250817086	0.26715944	0.041152768	0


EDGE_KM_T
0	1.34918803	1.558592155	1.686623988	1.444024992	1.41146959	1.27525343	1.166859296	1.375966216	1.345579781	1.3310817	1.363273305	1.397081898	1.553352803	1.624968884	1.581941797	1.519866838	1.763241354	1.714893712	1.770236717	1.694487231	1.755532045	1.681991945	2.272827466	1.902859851	1.995479058	1.493202832	1.487347765	1.675743307	1.770602724	2.024020318	2.036987051	2.465005129	2.217458232	1.860165738	1.881773157	2.392290448	2.52627718	2.650743849	2.44377288	2.287168336	2.314754992	2.32430635	2.202817073	2.496892942	2.645096125	2.713225288	3.01220162	2.974822016	3.211873563	3.172696001
1.349133162	0	0.547018157	0.896346925	0.094831631	0.230988452	0.19300226	0.470661838	0.381363114	0.522230514	0.520771801	0.377499749	0.226633523	1.308515999	1.248633989	1.616567911	1.554499357	1.797838963	1.911899935	1.804815487	1.729094079	2.461821678	2.379478885	3.621782929	1.579896466	1.677047051	1.527863424	1.522007725	1.710398739	1.805256648	2.05866741	2.071634537	2.499641587	2.252088548	1.894803162	1.916408486	2.426913947	2.560897094	2.685337883	2.478364668	2.32175808	2.349370525	2.358964437	2.227905757	2.531529374	2.679728238	2.74785652	3.046824852	3.00944695	3.246474625	3.207300324
1.558526799	0.547010453	0	0.349323718	0.586630659	0.777992213	0.740009996	1.017665711	0.928364254	1.069229133	1.067770783	0.924501267	0.773637711	0.761480346	0.701601337	1.069504791	1.007439922	1.438392239	2.121241599	1.906510606	1.274147218	2.671149866	2.58881063	3.831074302	1.032862596	1.130013077	0.980820145	0.974964082	1.163352491	1.258209532	1.511616361	1.524583715	1.952584419	1.705027845	1.347746551	1.369350667	1.879849321	2.013830404	2.1382563	1.931281793	1.774674028	1.802301314	1.811919717	1.680863944	1.984472192	2.13266857	2.200796343	2.499760073	2.46238315	2.699397086	2.660224662
1.686560575	0.896326122	0.349320531	0	0.935944391	1.127303658	1.089323951	1.366977228	1.277674045	1.418537333	1.417079213	1.273811296	1.122949427	0.412148773	0.352271657	1.028808962	0.929364857	1.566402352	2.249242574	2.034513877	1.402160686	2.799142336	2.716805345	3.959043538	0.683532147	0.780682563	0.631483759	0.625627466	0.814014231	0.908870724	1.162275072	1.175242569	1.603239268	1.355680462	0.99840175	1.020005105	1.530499463	1.664479243	1.788895739	1.581920417	1.425311909	1.452948561	1.462582421	1.331528483	1.635127031	1.78332184	1.851449293	2.150410117	2.113033813	2.350039078	2.310867838
1.443962264	0.094831407	0.586640645	0.935969044	0	0.191364913	0.168770927	0.431038308	0.341739385	0.4826066	0.481147914	0.337876047	0.187010015	1.34813721	1.288255419	1.656187118	1.594118832	1.837456971	2.006725245	1.844432704	1.768712475	2.556646004	2.47430347	3.716604567	1.619517807	1.716668384	1.567484078	1.561628352	1.750019177	1.844877022	2.098287497	2.111254641	2.539261228	2.29170793	1.934422844	1.956028079	2.466533044	2.600516039	2.724955741	2.517982433	2.361375758	2.388989286	2.398584987	2.267526518	2.571149014	2.719347696	2.787475941	3.086443937	3.049066107	3.286092778	3.246918615
1.41141163	0.230989944	0.77800982	1.127339714	0.191365986	0	0.13621014	0.244610124	0.150375247	0.291243209	0.289784415	0.146511798	0.014387045	1.539511564	1.479628885	1.847569602	1.785500226	2.028844312	1.980474741	2.035823254	1.960098242	2.524114743	2.441771156	3.684084204	1.810891633	1.908042241	1.758860689	1.753005071	1.941396667	2.03625477	2.289666408	2.302633484	2.73064195	2.483089699	2.125803402	2.147408994	2.657915974	2.79189958	2.916343691	2.709370765	2.552764439	2.580373574	2.589962024	2.458902695	2.762529741	2.910729159	2.978857554	3.277826913	3.240448792	3.477479531	3.438304812
1.275205943	0.193003219	0.740024095	1.089354645	0.168771076	0.136210656	0	0.277660941	0.188363182	0.329231471	0.327772629	0.184499683	0.121823556	1.501528111	1.441645042	1.809589716	1.747519861	1.990866556	1.942498865	1.997846906	1.922119796	2.387917555	2.305573506	3.547891796	1.772907949	1.87005857	1.720878226	1.715022656	1.90341459	1.998272805	2.251684954	2.264652001	2.692661291	2.445109499	2.08782267	2.109428419	2.619936283	2.753920157	2.878366202	2.671393444	2.514787271	2.542394478	2.551979749	2.420920042	2.724549083	2.872748824	2.940877285	3.239847242	3.202468994	3.439501517	3.400326554
1.166825933	0.470667517	1.017692324	1.367025452	0.431041595	0.244610196	0.277662912	0	0.20910453	0.178715891	0.164218128	0.196411949	0.244028587	1.779205269	1.719320669	2.087280892	2.025209156	2.268566104	2.220205801	2.275551986	2.19981663	2.279570945	2.197225081	3.439563974	2.050584197	2.147734871	1.998559276	1.992703892	2.181097155	2.275955813	2.529369969	2.5423369	2.970349429	2.722799441	2.365510524	2.387116889	2.897628227	3.031613154	3.1560668	2.949094701	2.792489128	2.820088762	2.829661534	2.698600344	3.002237229	3.150438238	3.218566958	3.517539264	3.480160517	3.71720005	3.67802413
1.375914333	0.38136748	0.928389248	1.277720384	0.341742768	0.150375891	0.188363946	0.209103451	0	0.140868582	0.139409698	0.012692432	0.154731021	1.689895292	1.630011875	1.997960079	1.935889797	2.17923882	2.130872806	2.186220426	2.110491444	2.488633528	2.406289067	3.648612035	1.961274923	2.058425556	1.909246291	1.903390762	2.091782998	2.186641314	2.440053919	2.453020939	2.881030965	2.633479582	2.276192279	2.297798168	2.808306821	2.942290934	3.066738705	2.859766096	2.703160059	2.730765547	2.74034798	2.609287936	2.912918759	3.061118788	3.129247307	3.428217798	3.390839436	3.627873551	3.58869837
