NAME: multi_modal_data
TYPE: MM

VEHICLES: 2
DIMENSION: 13

NUM_T: 3
NUM_D: 1

MAXIMUM_SYSTEM_DURATION: 300
UNIT: MIN

SERVICETIME: 5
UNIT: MIN

MAX_WAITING_TIME: 15
UNIT: MIN

INIT_SOC: 100
MAX_SOC: 100
MIN_SOC_T: 1
MIN_SOC_D: 1
UNIT: %

CAPACITY_T: 4
CAPACITY_D: 1
UNIT: EA

CARGO_LIMIT_DRONE: 5
UNIT: KG

CARGO_LIMIT_TRUCK: 13
UNIT: KG

BATTERY_KWH_T: 58.8
BATTERY_KWH_D: 0.36
UNIT: KWH 

ENERGY_KWH/KM_T: 0.3226 
ENERGY_KWH/KM_D: 0.0231
UNIT: KWH/KM

CHARGING_KW_D: 1.0
UNIT: KW 

LOSISTIC_KWH/KG_T: 0.001
LOSISTIC_KWH/KG_D: 0.001
UNIT: KWH/KG

SPEED_T: 1.0 
SPEED_D: 1.5
UNIT: KM/MIN

NODE_COORD_SECTION
0 37.498744 127.027566
1 37.496011 127.037548
2 37.491210 127.058528
3 37.488537 127.062482
4 37.486450 127.031767
5 37.488624 127.025840
6 37.486841 127.045192
7 37.493832 127.056170
8 37.492000 127.043000
9 37.493000 127.042000
10 37.505000 127.090000
11 37.488000 127.062000
12 37.489537 127.062582

DEMAND_SECTION
0 0
1 1
2 1
3 1
4 1
5 1
6 1
7 1
8 1
9 1
10 1
11 1
12 1

LOGISTIC_LOAD_SECTION
0 0
1 3
2 6
3 3
4 3
5 3
6 6
7 3
8 3
9 3
10 3
11 3
12 3

AVAILABILITY_LANDING_SPOT_SECTION
0 1
1 1
2 1
3 1
4 1
5 1
6 1
7 1
8 1
9 1
10 1
11 1 
12 1

CUSTOMER_DRONE_PREFERENCE_SECTION
0 1
1 1
2 1 
3 1
4 1
5 1
6 1
7 1
8 1
9 1
10 1
11 1
12 1

DEPOT_SECTION
0

EDGE_KM_D_TYPE: EUC_2D(haversine)
EDGE_KM_T_TYPE: MAN_2D(haversine)
EDGE_KM_D_FORMAT : FULL_MATRIX
EDGE_KM_D_FORMAT : FULL_MATRIX

EDGE_KM_D
0.         0.93157499 2.85713567 3.2828805  1.41638576 1.13555047 2.04206218 2.58191713 1.55446876 1.42459706 5.55135854 3.26439876 3.2544688
0.93157499 0.         1.92639871 2.35158086 1.17915293 1.31972801 1.22250992 1.6606592  0.65595565 0.51610625 4.73385267 2.3339867  2.32299454
2.85713567 1.92639871 0.         0.45830532 2.4197255  2.89832584 1.27298142 0.35816564 1.3728008  1.47172588 3.17172645 0.4703645  0.40316289
3.2828805  2.35158086 0.45830532 0.         2.71995638 3.23295563 1.53713563 0.81042425 1.76147174 1.8739875  3.04050108 0.073308   0.11154457
1.41638576 1.17915293 2.4197255  2.71995638 0.         0.5761192  1.18532248 2.30420864 1.16751919 1.15999872 5.53604812 2.6730826  2.74042643
1.13555047 1.31972801 2.89832584 3.23295563 0.5761192  0.         1.71892756 2.73788101 1.55984512 1.50650808 5.94593511 3.19117995 3.24333177
2.04206218 1.22250992 1.27298142 1.53713563 1.18532248 1.71892756 0.         1.2419447  0.60537899 0.74049562 4.43888281 1.48859009 1.56334779
2.58191713 1.6606592  0.35816564 0.81042425 2.30420864 2.73788101 1.2419447  0.         1.17964998 1.25356343 3.23246049 0.82771549 0.74034692
1.55446876 0.65595565 1.3728008  1.76147174 1.16751919 1.55984512 0.60537899 1.17964998 0.         0.14194417 4.3910393  1.73434989 1.74925129
1.42459706 0.51610625 1.47172588 1.8739875  1.15999872 1.50650808 0.74049562 1.25356343 0.14194417 0.         4.43973193 1.85007986 1.85627317
5.55135854 4.73385267 3.17172645 3.04050108 5.53604812 5.94593511 4.43888281 3.23246049 4.3910393  4.43973193 0.         3.11048896 2.9676705
3.26439876 2.3339867  0.4703645  0.073308   2.6730826  3.19117995 1.48859009 0.82771549 1.73434989 1.85007986 3.11048896 0.         0.17845439
3.2544688  2.32299454 0.40316289 0.11154457 2.74042643 3.24333177 1.56334779 0.74034692 1.74925129 1.85627317 2.9676705  0.17845439 0.        



EDGE_KM_T
0.         1.18449294 3.56916406 4.21520434 1.73763812 1.27755929 2.87849383 3.0695914  2.11146352 1.91204997 6.20346841 4.2323948  4.11283111
1.18452517 0.         2.38473886 3.03079191 1.57314581 1.85429773 1.69402557 1.88515859 0.92698818 0.7275714  5.62693717 3.04798081 2.928419
3.56943962 2.38485784 0.         0.64607548 2.89034128 3.17152680 1.66241154 0.49959364 1.45783875 1.6572612  4.310072   0.66326164 0.54370314
4.21562533 3.03101204 0.64608796 0.         2.94206483 3.24261701 1.71409271 1.14568905 2.10397573 2.30340134 4.2585323  0.10223887 0.12001813
1.73769913 1.5732111  2.89049173 2.94214054 0.         0.76469506 1.22800522 2.97399184 1.60825392 1.63121601 7.20074061 2.83990048 3.06215892
1.27757993 1.85439989 3.17162665 3.24261324 0.76467984 0.         1.90569604 3.25513281 1.88942871 1.91239336 7.4817947  3.25979794 3.34328342
2.87874166 1.69410836 1.66248036 1.71412734 1.22799902 1.90573679 0.         1.74598155 0.76706113 0.96648874 5.97271474 1.6118875  1.83414567
3.06975738 1.88520652 0.49958634 1.14564957 2.97377906 3.25494622 1.7458909  0.         1.36562309 1.34265228 4.22645386 1.16283723 1.04327692
2.11158648 0.92701401 1.45782426 2.10389604 1.60818028 1.88936028 0.76704777 1.36565159 0.         0.19942152 5.59217863 2.12108266 2.0015236
1.91214791 0.72758723 1.65722625 2.30329337 1.63113684 1.91230983 0.96646552 1.34266621 0.19942034 0.         5.56915329 2.32048055 2.20092081
6.20300694 5.62638013 4.30955928 4.25799712 7.19946453 7.48055347 5.97175353 4.2260075  5.5914568  5.5684728  0.         4.36022662 4.13798093
4.23283181 3.04821219 0.66327481 0.10223918 2.83984513 3.25982459 1.61186449 1.16287739 2.12117243 2.32059867 4.36078894 0.         0.22225738
4.11321194 2.92861045 0.54371115 0.12001802 3.06204657 3.3432438  1.8340903  1.04330945 2.00158058 2.201005   4.13848179 0.22225632 0.        


EOF
