NAME: multi_modal_data
TYPE: MM

VEHICLES: 2
DIMENSION: 50

NUM_T: 3
NUM_D: 3

MAXIMUM_SYSTEM_DURATION: 300
UNIT: MIN

SERVICETIME: 5
UNIT: MIN

MAX_WAITING_TIME: 15
UNIT: MIN

INIT_SOC: 100
MAX_SOC: 100
MIN_SOC_T: 3
MIN_SOC_D: 3
UNIT: %

DEMAND_T: 17
DEMAND_D: 0
UNIT: EA

MASS_T: 1940
MASS_D: 5
UNIT: KG

LIFT_TO_DRAG: 3
POWER_MOTOR_PROP: 0.5
UNIT: RATIO

POWER_ELEC: 0.1
UNIT: KW

CARGO_LIMIT_DRONE: 6
UNIT: KG

CARGO_LIMIT_TRUCK: 1000
UNIT: KG

BATTERY_KWH_T: 58.8
BATTERY_KWH_D: 0.36
UNIT: KWH 

ENERGY_KWH/KM_T: 0.3226 
ENERGY_KWH/KM_D: 0.0231
UNIT: KWH/KM

CHARGING_KW_D: 1.2
CHARGING_KW_T: 80
UNIT: KW 

LOSISTIC_KWH/KG_T: 0.001
LOSISTIC_KWH/KG_D: 0.001
UNIT: KWH/KG

SPEED_T: 1.0 
SPEED_D: 1.5
UNIT: KM/MIN

NODE_COORD_SECTION	
0	37.51631968	127.0423148
1	37.489542	127.0796221
2	37.48496029	127.0594065
3	37.51718924	127.0413014
4	37.49816465	127.0283079
5	37.51119883	127.0216579
6	37.508862	127.063073
7	37.53360292	127.0283258
8	37.48541757	127.1045604
9	37.52046807	127.054044
10	37.49400035	127.0658114
11	37.48473577	127.0876176
12	37.49044865	127.039997
13	37.49354047	127.0505467
14	37.48772527	127.0360742
15	37.48615258	127.056121
16	37.49561749	127.0577682
17	37.48790982	127.0981867
18	37.50044687	127.0605134
19	37.50450288	127.0489425
20	37.48407358	127.0844518
21	37.47903282	127.0657076
22	37.52643082	127.0284809
23	37.49605364	127.0788531
24	37.47711586	127.0518861
25	37.48613775	127.0424159
26	37.49903766	127.0392494
27	37.51201518	127.0575397
28	37.50393779	127.0603856
29	37.52509008	127.0513
30	37.49160529	127.058004
31	37.48661527	127.0471989
32	37.49708719	127.0449782
33	37.50002424	127.0365086
34	37.49358351	127.0780732
35	37.50882291	127.0645418
36	37.48698084	127.106951
37	37.49267955	127.0306305
38	37.49233075	127.0745897
39	37.47858842	127.1114094
40	37.48698084	127.106951
41	37.50528056	127.0289194
42	37.49147536	127.0526126
43	37.46682003	127.0969337
44	37.48005839	127.0641545
45	37.52269079	127.0328729
46	37.49828674	127.0301038
47	37.48811677	127.1030688
48	37.49012921	127.071565
49	37.48483867	127.0897795


DEMAND_SECTION
0	0
1	1
2	1
3	1
4	1
5	1
6	1
7	1
8	1
9	1
10	1
11	1
12	1
13	1
14	1
15	1
16	1
17	1
18	1
19	1
20	1
21	1
22	1
23	1
24	1
25	1
26	1
27	1
28	1
29	1
30	1
31	1
32	1
33	1
34	1
35	1
36	1
37	1
38	1
39	1
40	1
41	1
42	1
43	1
44	1
45	1
46	1
47	1
48	1
49	1


LOGISTIC_LOAD_SECTION
0	0
1	3
2	3
3	3
4	3
5	3
6	3
7	3
8	3
9	3
10	3
11	3
12	3
13	3
14	3
15	3
16	3
17	3
18	3
19	3
20	3
21	3
22	3
23	3
24	3
25	3
26	3
27	3
28	3
29	3
30	3
31	3
32	3
33	3
34	3
35	3
36	3
37	3
38	3
39	3
40	3
41	3
42	3
43	3
44	3
45	3
46	3
47	3
48	3
49	3


AVAILABILITY_LANDING_SPOT_SECTION
0	1
1	1
2	1
3	1
4	1
5	1
6	1
7	1
8	1
9	1
10	1
11	1
12	1
13	1
14	1
15	1
16	1
17	1
18	1
19	1
20	1
21	1
22	1
23	1
24	1
25	1
26	1
27	1
28	1
29	1
30	1
31	1
32	1
33	1
34	1
35	1
36	1
37	1
38	1
39	1
40	1
41	1
42	1
43	1
44	1
45	1
46	1
47	1
48	1
49	1

CUSTOMER_DRONE_PREFERENCE_SECTION
0	1
1	1
2	1
3	1
4	1
5	1
6	1
7	1
8	1
9	1
10	1
11	1
12	1
13	1
14	1
15	1
16	1
17	1
18	1
19	1
20	1
21	1
22	1
23	1
24	1
25	1
26	1
27	1
28	1
29	1
30	1
31	1
32	1
33	1
34	1
35	1
36	1
37	1
38	1
39	1
40	1
41	1
42	1
43	1
44	1
45	1
46	1
47	1
48	1
49	1

DEPOT_SECTION
0

EDGE_KM_D_TYPE: EUC_2D(haversine)
EDGE_KM_T_TYPE: MAN_2D(haversine)
EDGE_KM_D_FORMAT : FULL_MATRIX
EDGE_KM_D_FORMAT : FULL_MATRIX


EDGE_KM_D
0	4.438075918	3.79902543	0.13167278	2.366828631	1.908860043	2.009956458	2.283694951	6.477569042	1.132645902	3.233455208	5.32029784	2.883987975	2.634967255	3.226863916	3.568690721	2.675309253	5.854203975	2.385783205	1.438147281	5.164695399	4.631323488	1.659083339	3.932699176	4.440297652	3.356093978	1.94060538	1.425592731	2.106234165	1.256584932	3.076939668	3.330966604	2.151424274	1.882961045	4.042410578	2.130336486	6.569194427	2.823510395	3.901393551	7.399858098	6.569194427	1.703749185	2.908083638	7.315511295	4.468751286	1.093298469	2.276157824	6.209473162	3.890875747	5.457659297
4.438075918	0	1.854995869	4.569237491	4.627573694	5.652077535	2.597408951	6.66894553	2.247636858	4.112941962	1.315461965	0.885036085	3.497528549	2.603479889	3.847556111	2.107506917	2.043004571	1.647984477	2.076614232	3.176949172	0.742516857	1.694972716	6.097105615	0.727233979	2.810445217	3.304505839	3.715036749	3.168489863	2.332891992	4.676070314	1.921073509	2.879185097	3.16951299	3.978190725	0.469714069	2.523158409	2.428011862	4.336462772	0.541564831	3.057820479	2.428011862	4.803161047	2.39267704	2.952489704	1.724722364	5.530972898	4.475616747	2.074768098	0.713862275	1.037644457
3.79902543	1.854995869	0	3.923494944	3.111891318	4.42744746	2.677363567	6.063925622	3.98445547	3.976527421	1.153163564	2.489328385	1.818020196	1.233412993	2.081513138	0.318770352	1.193811133	3.43737619	1.72479836	2.361004196	2.212077452	0.862295719	5.357798113	2.113136303	1.095992697	1.504855998	2.369164291	3.012875005	2.111971839	4.519168798	0.749181472	1.0927299	1.854396122	2.624291191	1.905748643	2.691803846	4.201032699	2.680079948	1.570432439	4.643036707	4.201032699	3.512784122	0.940285801	3.877557475	0.687473118	4.804180292	2.979855708	3.868406414	1.217034242	2.679990466
0.13167278	4.569237491	3.923494944	0	2.40597232	1.856195604	2.131875502	2.154167806	6.604706567	1.181490663	3.36496868	5.451276898	2.975647576	2.753185984	3.308538826	3.69043611	2.804186871	5.981711359	2.51745201	1.563396561	5.29615582	4.75785938	1.527868125	4.061445767	4.552752986	3.454172378	2.026466007	1.543450943	2.237125689	1.244744222	3.203708554	3.439250901	2.258655621	1.954922141	4.172666104	2.25106555	6.69489396	2.88333174	4.032736254	7.528349109	6.69489396	1.716460442	3.028352585	7.447137927	4.594698788	0.962696269	2.322373722	6.335552026	4.022520617	5.588270095
2.366828631	4.627573694	3.111891318	2.40597232	0	1.563548419	3.289333367	3.940561592	6.875200629	3.362113216	3.340864725	5.441608387	1.341499297	2.028208782	1.347943642	2.79381589	2.614394434	6.269638361	2.852409753	1.951965573	5.195340029	3.926106751	3.143096081	4.465291968	3.131431874	1.826944304	0.970113356	3.003488222	2.90165896	3.616155785	2.719512711	2.104060269	1.475522504	0.752420421	4.419840513	3.408941025	7.048912326	0.643415798	4.134310718	7.648407236	7.048912326	0.793090838	2.269583916	6.986803039	3.749188014	2.75675072	0.159013233	6.689746617	3.91951118	5.622238133
1.908860043	5.652077535	4.42744746	1.856195604	1.563548419	0	3.662254373	2.559686989	7.855356038	3.036666077	4.339110659	6.520625023	2.817978051	3.217106534	2.903490485	4.123065168	3.626092072	7.23080795	3.629982708	2.519251469	6.307559274	5.281594286	1.79744314	5.318983092	4.63412486	3.334511372	2.058295635	3.166193708	3.510211508	3.036524228	3.876468573	3.542491178	2.587278457	1.805551469	5.348222144	3.791796059	7.991764258	2.206132019	5.119063482	8.708948911	7.991764258	0.918332494	3.502362141	8.274170928	5.103538094	1.615944066	1.617550885	7.626700741	4.987174275	6.686348541
2.009956458	2.597408951	2.677363567	2.131875502	3.289333367	3.662254373	0	4.118137562	4.493528774	1.516465917	1.670105307	3.447562706	2.887255215	2.030659681	3.346179535	2.59858725	1.545284134	3.876024506	0.96257637	1.337368889	3.339865128	3.324992268	3.622754238	1.991522234	3.6653932	3.115424396	2.368507392	0.600947888	0.596660152	2.081901212	1.970276624	2.84261615	2.064495063	2.541012898	2.153422811	0.12963066	4.572053735	3.380625722	2.100269419	5.432985062	4.572053735	3.038849769	2.142244452	5.547965684	3.204240624	3.075590975	3.137039093	4.215524173	2.213612584	3.561848471
2.283694951	6.66894553	6.063925622	2.154167806	3.940561592	2.559686989	4.118137562	0	8.597935235	2.697553407	5.506642614	7.541744051	4.907722581	4.866826399	5.146946619	5.818033184	4.958211003	7.986590369	4.653113092	3.71165985	7.405463962	6.905996023	0.797619504	6.106824848	6.615981332	5.422247185	3.962398379	3.521344845	4.344614045	2.236150337	5.353549229	5.483586644	4.317840508	3.802892723	6.249372125	4.218256023	8.658595674	4.55501554	6.141029162	9.546358886	8.658595674	3.149742194	5.150940827	9.579954582	6.740695855	1.277914095	3.930115294	8.309310604	6.157387967	7.667112928
6.477569042	2.247636858	3.98445547	6.604706567	6.875200629	7.855356038	4.493528774	8.597935235	0	5.920138357	3.549498729	1.496862564	5.723912735	4.850436528	6.048178454	4.274772663	4.281352483	0.626943146	4.230169004	5.346039535	1.780565106	3.501031829	8.113879266	2.557931799	4.738714742	5.483829302	5.957845207	5.094471758	4.407887825	6.444600359	4.164922648	5.062958094	5.41456279	6.219720747	2.507153663	4.386049946	0.273327327	6.572621502	2.75378636	0.970500358	0.273327327	7.029245688	4.632620434	2.174716784	3.614768883	7.560887879	6.723108748	0.327724399	2.957997787	1.305773753
1.132645902	4.112941962	3.976527421	1.181490663	3.362113216	3.036666077	1.516465917	2.697553407	5.920138357	0	3.120758257	4.955621472	3.560572334	3.01006658	3.970946793	3.82010992	2.782720244	5.316887199	2.298227285	1.831387988	4.855161097	4.720889377	2.349869541	3.486945152	4.824309849	3.95277397	2.716875507	0.989194685	1.921308599	0.568066992	3.228352678	3.812387013	2.72004112	2.749542843	3.664605492	1.59186103	5.970493175	3.716608557	3.615726868	6.877202168	5.970493175	2.786175477	3.22631836	7.064279068	4.581023289	1.883398145	3.246927291	5.625168771	3.710715861	5.062941981
3.233455208	1.315461965	1.153163564	3.36496868	3.340864725	4.339110659	1.670105307	5.506642614	3.549498729	3.120758257	0	2.182395485	2.311493738	1.347688702	2.714846375	1.221664987	0.732025473	2.935584415	0.855737762	1.89166123	1.98071634	1.664340898	4.883248329	1.173010433	2.243784787	2.241674745	2.409342063	2.131918748	1.2042104	3.686379259	0.73850342	1.836030118	1.869727684	2.670477939	1.082781511	1.651996615	3.712649481	3.107302581	0.796406988	4.373038434	3.712649481	3.487858593	1.197841374	4.083652213	1.557155108	4.314975523	3.186032536	3.351600884	0.665556862	2.347284725
5.32029784	0.885036085	2.489328385	5.451276898	5.441608387	6.520625023	3.447562706	7.541744051	1.496862564	4.955621472	2.182395485	0	4.249393611	3.414144255	4.559974425	2.783538585	2.89823715	0.997098691	2.961462023	4.058730067	0.288877349	2.034648413	6.979018817	1.477077673	3.264794174	3.991380954	4.554055181	4.030120228	3.214186106	5.513450876	2.722203399	3.572418238	4.004840451	4.818959524	1.29500776	3.364225646	1.724027134	5.104990005	1.426350756	2.207837024	1.724027134	5.660031985	3.178146679	2.155107105	2.134661512	6.413483928	5.293266909	1.414193154	1.538088793	0.191098007
2.883987975	3.497528549	1.818020196	2.975647576	1.341499297	2.817978051	2.887255215	4.907722581	5.723912735	3.560572334	2.311493738	4.249393611	0	0.992226793	0.459885562	1.500694934	1.669894353	5.141819479	2.124173675	1.75071834	3.985879719	2.599570946	4.127974629	3.484272546	1.816157818	0.524715165	0.95733038	2.854070974	2.342020125	3.978894836	1.59391153	0.765153393	0.859085099	1.108343031	3.377363644	2.977045816	5.919944422	0.862807338	3.059182535	6.437623738	5.919944422	1.917032984	1.118884573	5.669740224	2.424502599	3.639824952	1.233457011	5.570840298	2.785422503	4.436463515
2.634967255	2.603479889	1.233412993	2.753185984	2.028208782	3.217106534	2.030659681	4.866826399	4.850436528	3.01006658	1.347688702	3.414144255	0.992226793	0	1.431273335	0.957464971	0.677674708	4.249554997	1.167420507	1.227153632	3.171263945	2.095656006	4.142896995	2.512866407	1.830155543	1.091875634	1.169177971	2.144918321	1.445688502	3.508790608	0.692221133	0.824753809	0.629981945	1.433022026	2.42851899	2.10046004	5.029636115	1.759715116	2.125462512	5.621607572	5.029636115	2.311773353	0.29317363	5.057891339	1.920673637	3.596783213	1.879143431	4.672990709	1.892771123	3.594193917
3.226863916	3.847556111	2.081513138	3.308538826	1.347943642	2.903490485	3.346179535	5.146946619	6.048178454	3.970946793	2.714846375	4.559974425	0.459885562	1.431273335	0	1.777401372	2.105589717	5.480309857	2.578740501	2.183858199	4.287801451	2.787679485	4.355673725	3.886189219	1.82710887	0.586728113	1.288697411	3.298602185	2.801798655	4.366466457	1.982367009	0.989285875	1.304143606	1.368121847	3.762310446	3.436647839	6.25414437	0.730862387	3.436545836	6.724534978	6.25414437	2.051576139	1.517584266	5.851972639	2.620258701	3.898235439	1.287102047	5.91117794	3.142744205	4.749448474
3.568690721	2.107506917	0.318770352	3.69043611	2.79381589	4.123065168	2.59858725	5.818033184	4.274772663	3.82010992	1.221664987	2.783538585	1.500694934	0.957464971	1.777401372	0	1.062437977	3.716693571	1.636012635	2.136484295	2.510422661	1.158578622	5.099368971	2.287904191	1.072072412	1.209248068	2.06602373	2.878515975	2.013098307	4.350493075	0.62866439	0.788903717	1.563594108	2.318004782	2.105709841	2.62801336	4.485821576	2.363218332	1.768382004	4.950502419	4.485821576	3.206682122	0.667926442	4.194281225	0.980648639	4.55109937	2.662583741	4.148060889	1.432588952	2.973419684
2.675309253	2.043004571	1.193811133	2.804186871	2.614394434	3.626092072	1.545284134	4.958211003	4.281352483	2.782720244	0.732025473	2.89823715	1.669894353	0.677674708	2.105589717	1.062437977	0	3.667538566	0.589087029	1.257914021	2.681467566	1.972699104	4.290999715	1.860782214	2.121744521	1.716332016	1.677411827	1.823453864	0.953554483	3.326497508	0.446621667	1.368052446	1.140123601	1.938467513	1.805596378	1.585299299	4.444264793	2.41637879	1.528400239	5.097617202	4.444264793	2.762468821	0.647323197	4.711383501	1.81954131	3.72621465	2.458551385	4.082815235	1.361643814	3.068102535
5.854203975	1.647984477	3.43737619	5.981711359	6.269638361	7.23080795	3.876024506	7.986590369	0.626943146	5.316887199	2.935584415	0.997098691	5.141819479	4.249554997	5.480309857	3.716693571	3.667538566	0	3.604202358	4.719962315	1.284761855	3.031068714	7.493522696	1.931206339	4.258111533	4.924730425	5.344923438	4.476850251	3.781240705	5.847847529	3.569017337	4.50105965	4.804002451	5.605752088	1.883381094	3.770590621	0.780159023	5.983929272	2.139181135	1.560632753	0.780159023	6.408830288	4.040463607	2.347686089	3.127199978	6.939078792	6.116446887	0.431367521	2.361760443	0.816625476
2.385783205	2.076614232	1.72479836	2.51745201	2.852409753	3.629982708	0.96257637	4.653113092	4.230169004	2.298227285	0.855737762	2.961462023	2.124173675	1.167420507	2.578740501	1.636012635	0.589087029	3.604202358	0	1.115916631	2.788405089	2.424836833	4.041078165	1.690051394	2.703658117	2.254085942	1.882385895	1.312811648	0.388336809	2.858163597	1.007757559	1.93527885	1.420495695	2.118145861	1.726919009	0.996861506	4.361984788	2.774173432	1.535120742	5.106111124	4.361984788	2.838374784	1.21697235	4.930349128	2.289746092	3.472973372	2.693397715	3.996906623	1.505609895	3.111106962
1.438147281	3.176949172	2.361004196	1.563396561	1.951965573	2.519251469	1.337368889	3.71165985	5.346039535	1.831387988	1.89166123	4.058730067	1.75071834	1.227153632	2.183858199	2.136484295	1.257914021	4.719962315	1.115916631	0	3.869695325	3.195132523	3.033496154	2.80088665	3.056355927	2.121735022	1.049028463	1.12820646	1.011372581	2.298619237	1.641895534	1.994953512	0.895682015	1.204608719	2.842251055	1.457439137	5.475968341	2.082819431	2.636497447	6.219118696	5.475968341	1.768377423	1.484338331	5.957173629	3.031390141	2.469618893	1.799874892	5.110911493	2.556865952	4.214385044
5.164695399	0.742516857	2.212077452	5.29615582	5.195340029	6.307559274	3.339865128	7.405463962	1.780565106	4.855161097	1.98071634	0.288877349	3.985879719	3.171263945	4.287801451	2.510422661	2.681467566	1.284761855	2.788405089	3.869695325	0	1.74635909	6.823460983	1.420759027	2.975920211	3.716115123	4.321270161	3.910232681	3.063798808	5.417854842	2.47925951	3.29911151	3.771342078	4.586660415	1.197891161	3.264775595	2.01134527	4.844152346	1.264973968	2.45566286	2.01134527	5.437218351	2.927303167	2.212223548	1.845807106	6.256250001	5.048725804	1.703054806	1.321456859	0.477727555
4.631323488	1.694972716	0.862295719	4.75785938	3.926106751	5.281594286	3.324992268	6.905996023	3.501031829	4.720889377	1.664340898	2.034648413	2.599570946	2.095656006	2.787679485	1.158578622	1.972699104	3.031068714	2.424836833	3.195132523	1.74635909	0	6.20978407	2.219753464	1.238135489	2.201819892	3.224528005	3.737597141	2.80883437	5.276691183	1.554482889	1.837953428	2.715776982	3.476359379	1.951464667	3.314107809	3.744972427	3.446964833	1.673510602	4.033121672	3.744972427	4.364952583	1.802560935	3.072115277	0.178288285	5.653020545	3.801529513	3.447893428	1.337734051	2.220005529
1.659083339	6.097105615	5.357798113	1.527868125	3.143096081	1.79744314	3.622754238	0.797619504	8.113879266	2.349869541	4.883248329	6.979018817	4.127974629	4.142896995	4.355673725	5.099368971	4.290999715	7.493522696	4.041078165	3.033496154	6.823460983	6.20978407	0	5.581206211	5.859402053	4.645948556	3.190634306	3.022827798	3.764832828	2.01785245	4.666600341	4.725151959	3.57262598	3.020445532	5.698677983	3.734779258	8.194729556	3.757761763	5.560439529	9.045252126	8.194729556	2.352122837	4.431547261	8.966895793	6.040792541	0.568302974	3.132755243	7.838198036	5.544033894	7.115240561
3.932699176	0.727233979	2.113136303	4.061445767	4.465291968	5.318983092	1.991522234	6.106824848	2.557931799	3.486945152	1.173010433	1.477077673	3.484272546	2.512866407	3.886189219	2.287904191	1.860782214	1.931206339	1.690051394	2.80088665	1.420759027	2.219753464	5.581206211	0	3.177383756	3.398591734	3.509554449	2.585509353	1.850050409	4.041157863	1.904742493	2.983449621	2.99068788	3.761602972	0.283153199	1.899963371	2.676413529	4.270884554	0.559325643	3.467396311	2.676413529	4.522867991	2.370364236	3.621044024	2.201198438	5.022138905	4.307841762	2.311568856	0.920551733	1.576217624
4.440297652	2.810445217	1.095992697	4.552752986	3.131431874	4.63412486	3.6653932	6.615981332	4.738714742	4.824309849	2.243784787	3.264794174	1.816157818	1.830155543	1.82710887	1.072072412	2.121744521	4.258111533	2.703658117	3.056355927	2.975920211	1.238135489	5.859402053	3.177383756	0	1.305634206	2.680482855	3.912555608	3.075296809	5.334747796	1.699181002	1.134372596	2.30283707	2.886094669	2.948199458	3.69824618	4.981111603	2.551947729	2.622075541	5.25507489	4.981111603	3.73013137	1.597992014	4.137017491	1.1309558	5.338067414	3.038983249	4.678964397	2.260294748	3.45220435
3.356093978	3.304505839	1.504855998	3.454172378	1.826944304	3.334511372	3.115424396	5.422247185	5.483829302	3.95277397	2.241674745	3.991380954	0.524715165	1.091875634	0.586728113	1.209248068	1.716332016	4.924730425	2.254085942	2.121735022	3.716115123	2.201819892	4.645948556	3.398591734	1.305634206	0	1.46135824	3.171710493	2.535908903	4.401631779	1.503722119	0.425346064	1.238333226	1.62969154	3.253126073	3.189512458	5.694888342	1.268999417	2.921017759	6.145438973	5.694888342	2.438979266	1.077795858	5.268673143	2.033779781	4.150776292	1.733461997	5.35606088	2.609869878	4.181581762
1.94060538	3.715036749	2.369164291	2.026466007	0.970113356	2.058295635	2.368507392	3.962398379	5.957845207	2.716875507	2.409342063	4.554055181	0.95733038	1.169177971	1.288697411	2.06602373	1.677411827	5.344923438	1.882385895	1.049028463	4.321270161	3.224528005	3.190634306	3.509554449	2.680482855	1.46135824	0	2.164578437	1.94251732	3.085738578	1.849496227	1.549162047	0.549961586	0.265509874	3.478367237	2.482280322	6.121599364	1.038270988	3.205748987	6.760560121	6.121599364	1.145544182	1.448097838	6.224223112	3.046668169	2.689576031	0.811120956	5.759903778	3.018177256	4.729418319
1.425592731	3.168489863	3.012875005	1.543450943	3.003488222	3.166193708	0.600947888	3.521344845	5.094471758	0.989194685	2.131918748	4.030120228	2.854070974	2.144918321	3.298602185	2.878515975	1.823453864	4.476850251	1.312811648	1.12820646	3.910232681	3.737597141	3.022827798	2.585509353	3.912555608	3.171710493	2.164578437	0	0.932586848	1.554530173	2.26984892	2.968014719	1.995783225	2.284592407	2.735220662	0.712356589	5.17197872	3.202720468	2.655763731	6.033385506	5.17197872	2.633231431	2.32491665	6.110319789	3.60103774	2.478317326	2.861365615	4.815958865	2.730066052	4.149828757
2.106234165	2.332891992	2.111971839	2.237125689	2.90165896	3.510211508	0.596660152	4.344614045	4.407887825	1.921308599	1.2042104	3.214186106	2.342020125	1.445688502	2.801798655	2.013098307	0.953554483	3.781240705	0.388336809	1.011372581	3.063798808	2.80883437	3.764832828	1.850050409	3.075296809	2.535908903	1.94251732	0.932586848	0	2.4847952	1.387315345	2.25024056	1.558092352	2.150784798	1.939164314	0.655343451	4.520152782	2.908194562	1.798877831	5.31135074	4.520152782	2.779694952	1.546143996	5.237748131	2.676011142	3.19951313	2.744239103	4.156257154	1.82490774	3.351879346
1.256584932	4.676070314	4.519168798	1.244744222	3.616155785	3.036524228	2.081901212	2.236150337	6.444600359	0.568066992	3.686379259	5.513450876	3.978894836	3.508790608	4.366466457	4.350493075	3.326497508	5.847847529	2.858163597	2.298619237	5.417854842	5.276691183	2.01785245	4.041157863	5.334747796	4.401631779	3.085738578	1.554530173	2.4847952	0	3.77000975	4.293477184	3.163316965	3.077424433	4.224995313	2.153095896	6.484972347	4.038815874	4.182017431	7.406324115	6.484972347	2.957777764	3.739584254	7.628213112	5.134092998	1.646817023	3.518249765	6.14452187	4.27875645	5.617278937
3.076939668	1.921073509	0.749181472	3.203708554	2.719512711	3.876468573	1.970276624	5.353549229	4.164922648	3.228352678	0.73850342	2.722203399	1.59391153	0.692221133	1.982367009	0.62866439	0.446621667	3.569017337	1.007757559	1.641895534	2.47925951	1.554482889	4.666600341	1.904742493	1.699181002	1.503722119	1.849496227	2.26984892	1.387315345	3.77000975	0	1.103049652	1.30084099	2.11484561	1.784231232	1.999499739	4.349082259	2.418014153	1.465519677	4.929489234	4.349082259	2.982561125	0.47588631	4.404116675	1.393934213	4.106321128	2.571117321	3.994898175	1.207662477	2.90279081
3.330966604	2.879185097	1.0927299	3.439250901	2.104060269	3.542491178	2.84261615	5.483586644	5.062958094	3.812387013	1.836030118	3.572418238	0.765153393	0.824753809	0.989285875	0.788903717	1.368052446	4.50105965	1.93527885	1.994953512	3.29911151	1.837953428	4.725151959	2.983449621	1.134372596	0.425346064	1.549162047	2.968014719	2.25024056	4.293477184	1.103049652	0	1.180793978	1.764269823	2.832055334	2.904942954	5.272238757	1.609848984	2.498843355	5.735648242	5.272238757	2.628362978	0.721250021	4.909862002	1.664304227	4.20576696	1.989741363	4.932334647	2.185057966	3.762240241
2.151424274	3.16951299	1.854396122	2.258655621	1.475522504	2.587278457	2.064495063	4.317840508	5.41456279	2.72004112	1.869727684	4.004840451	0.859085099	0.629981945	1.304143606	1.563594108	1.140123601	4.804002451	1.420495695	0.895682015	3.771342078	2.715776982	3.57262598	2.99068788	2.30283707	1.238333226	0.549961586	1.995783225	1.558092352	3.163316965	1.30084099	1.180793978	0	0.815433411	2.945601423	2.163608137	5.581928528	1.357368528	2.665422754	6.211774598	5.581928528	1.684308092	0.918169763	5.68720572	2.53930206	3.040636517	1.318977106	5.221248857	2.469914728	4.180780331
1.882961045	3.978190725	2.624291191	1.954922141	0.752420421	1.805551469	2.541012898	3.802892723	6.219720747	2.749542843	2.670477939	4.818959524	1.108343031	1.433022026	1.368121847	2.318004782	1.938467513	5.605752088	2.118145861	1.204608719	4.586660415	3.476359379	3.020445532	3.761602972	2.886094669	1.62969154	0.265509874	2.284592407	2.150784798	3.077424433	2.11484561	1.764269823	0.815433411	0	3.73614479	2.659366836	6.381751557	0.967422705	3.466780397	7.025183878	6.381751557	0.888710761	1.709413257	6.48529052	3.298238972	2.540727752	0.597137146	6.019628132	3.282661038	4.994002203
4.042410578	0.469714069	1.905748643	4.172666104	4.419840513	5.348222144	2.153422811	6.249372125	2.507153663	3.664605492	1.082781511	1.29500776	3.377363644	2.42851899	3.762310446	2.105709841	1.805596378	1.883381094	1.726919009	2.842251055	1.197891161	1.951464667	5.698677983	0.283153199	2.948199458	3.253126073	3.478367237	2.735220662	1.939164314	4.224995313	1.784231232	2.832055334	2.945601423	3.73614479	0	2.07276612	2.651515796	4.186843764	0.337428787	3.38109404	2.651515796	4.527098355	2.258480524	3.40971179	1.941644248	5.135334163	4.264138071	2.287550927	0.690822139	1.418553916
2.130336486	2.523158409	2.691803846	2.25106555	3.408941025	3.791796059	0.12963066	4.218256023	4.386049946	1.59186103	1.651996615	3.364225646	2.977045816	2.10046004	3.436647839	2.62801336	1.585299299	3.770590621	0.996861506	1.457439137	3.264775595	3.314107809	3.734779258	1.899963371	3.69824618	3.189512458	2.482280322	0.712356589	0.655343451	2.153095896	1.999499739	2.904942954	2.163608137	2.659366836	2.07276612	0	4.460514017	3.48876137	2.036830824	5.329134442	4.460514017	3.166796008	2.1973503	5.475559936	3.198655616	3.190540416	3.255955012	4.105243074	2.169018709	3.47415647
6.569194427	2.428011862	4.201032699	6.69489396	7.048912326	7.991764258	4.572053735	8.658595674	0.273327327	5.970493175	3.712649481	1.724027134	5.919944422	5.029636115	6.25414437	4.485821576	4.444264793	0.780159023	4.361984788	5.475968341	2.01134527	3.744972427	8.194729556	2.676413529	4.981111603	5.694888342	6.121599364	5.17197872	4.520152782	6.484972347	4.349082259	5.272238757	5.581928528	6.381751557	2.651515796	4.460514017	0	6.763431103	2.91652555	1.012726938	0	7.178508013	4.820239689	2.409770172	3.853865072	7.646372572	6.895466367	0.365079569	3.141690814	1.533713867
2.823510395	4.336462772	2.680079948	2.88333174	0.643415798	2.206132019	3.380625722	4.55501554	6.572621502	3.716608557	3.107302581	5.104990005	0.862807338	1.759715116	0.730862387	2.363218332	2.41637879	5.983929272	2.774173432	2.082819431	4.844152346	3.446964833	3.757761763	4.270884554	2.551947729	1.268999417	1.038270988	3.202720468	2.908194562	4.038815874	2.418014153	1.609848984	1.357368528	0.967422705	4.186843764	3.48876137	6.763431103	0	3.878531336	7.297635957	6.763431103	1.409277903	1.944017252	6.519077848	3.273971416	3.342959044	0.625221045	6.411216873	3.622650683	5.291059997
3.901393551	0.541564831	1.570432439	4.032736254	4.134310718	5.119063482	2.100269419	6.141029162	2.75378636	3.615726868	0.796406988	1.426350756	3.059182535	2.125462512	3.436545836	1.768382004	1.528400239	2.139181135	1.535120742	2.636497447	1.264973968	1.673510602	5.560439529	0.559325643	2.622075541	2.921017759	3.205748987	2.655763731	1.798877831	4.182017431	1.465519677	2.498843355	2.665422754	3.466780397	0.337428787	2.036830824	2.91652555	3.878531336	0	3.590186432	2.91652555	4.278550595	1.941295302	3.454579261	1.646193136	4.99372086	3.980145207	2.555986805	0.362135578	1.578027584
7.399858098	3.057820479	4.643036707	7.528349109	7.648407236	8.708948911	5.432985062	9.546358886	0.970500358	6.877202168	4.373038434	2.207837024	6.437623738	5.621607572	6.724534978	4.950502419	5.097617202	1.560632753	5.106111124	6.219118696	2.45566286	4.033121672	9.045252126	3.467396311	5.25507489	6.145438973	6.760560121	6.033385506	5.31135074	7.406324115	4.929489234	5.735648242	6.211774598	7.025183878	3.38109404	5.329134442	1.012726938	7.297635957	3.590186432	0	1.012726938	7.859750257	5.382179859	1.828750389	4.173041366	8.48815369	7.500589862	1.29002699	3.742575971	2.031192673
6.569194427	2.428011862	4.201032699	6.69489396	7.048912326	7.991764258	4.572053735	8.658595674	0.273327327	5.970493175	3.712649481	1.724027134	5.919944422	5.029636115	6.25414437	4.485821576	4.444264793	0.780159023	4.361984788	5.475968341	2.01134527	3.744972427	8.194729556	2.676413529	4.981111603	5.694888342	6.121599364	5.17197872	4.520152782	6.484972347	4.349082259	5.272238757	5.581928528	6.381751557	2.651515796	4.460514017	0	6.763431103	2.91652555	1.012726938	0	7.178508013	4.820239689	2.409770172	3.853865072	7.646372572	6.895466367	0.365079569	3.141690814	1.533713867
1.703749185	4.803161047	3.512784122	1.716460442	0.793090838	0.918332494	3.038849769	3.149742194	7.029245688	2.786175477	3.487858593	5.660031985	1.917032984	2.311773353	2.051576139	3.206682122	2.762468821	6.408830288	2.838374784	1.768377423	5.437218351	4.364952583	2.352122837	4.522867991	3.73013137	2.438979266	1.145544182	2.633231431	2.779694952	2.957777764	2.982561125	2.628362978	1.684308092	0.888710761	4.527098355	3.166796008	7.178508013	1.409277903	4.278550595	7.859750257	7.178508013	0	2.593323605	7.369066342	4.186802481	1.967085271	0.784665587	6.814252829	4.122185647	5.830569694
2.908083638	2.39267704	0.940285801	3.028352585	2.269583916	3.502362141	2.142244452	5.150940827	4.632620434	3.22631836	1.197841374	3.178146679	1.118884573	0.29317363	1.517584266	0.667926442	0.647323197	4.040463607	1.21697235	1.484338331	2.927303167	1.802560935	4.431547261	2.370364236	1.597992014	1.077795858	1.448097838	2.32491665	1.546143996	3.739584254	0.47588631	0.721250021	0.918169763	1.709413257	2.258480524	2.1973503	4.820239689	1.944017252	1.941295302	5.382179859	4.820239689	2.593323605	0	4.776165294	1.627503412	3.883255656	2.125328911	4.467339631	1.678815946	3.361282494
7.315511295	2.952489704	3.877557475	7.447137927	6.986803039	8.274170928	5.547965684	9.579954582	2.174716784	7.064279068	4.083652213	2.155107105	5.669740224	5.057891339	5.851972639	4.194281225	4.711383501	2.347686089	4.930349128	5.957173629	2.212223548	3.072115277	8.966895793	3.621044024	4.137017491	5.268673143	6.224223112	6.110319789	5.237748131	7.628213112	4.404116675	4.909862002	5.68720572	6.48529052	3.40971179	5.475559936	2.409770172	6.519077848	3.454579261	1.828750389	2.409770172	7.369066342	4.776165294	0	3.245716819	8.39862708	6.856832	2.429188956	3.424774269	2.100695626
4.468751286	1.724722364	0.687473118	4.594698788	3.749188014	5.103538094	3.204240624	6.740695855	3.614768883	4.581023289	1.557155108	2.134661512	2.424502599	1.920673637	2.620258701	0.980648639	1.81954131	3.127199978	2.289746092	3.031390141	1.845807106	0.178288285	6.040792541	2.201198438	1.1309558	2.033779781	3.046668169	3.60103774	2.676011142	5.134092998	1.393934213	1.664304227	2.53930206	3.298238972	1.941644248	3.198655616	3.853865072	3.273971416	1.646193136	4.173041366	3.853865072	4.186802481	1.627503412	3.245716819	0	5.485198441	3.624095409	3.54862654	1.296744227	2.322729795
1.093298469	5.530972898	4.804180292	0.962696269	2.75675072	1.615944066	3.075590975	1.277914095	7.560887879	1.883398145	4.314975523	6.413483928	3.639824952	3.596783213	3.898235439	4.55109937	3.72621465	6.939078792	3.472973372	2.469618893	6.256250001	5.653020545	0.568302974	5.022138905	5.338067414	4.150776292	2.689576031	2.478317326	3.19951313	1.646817023	4.106321128	4.20576696	3.040636517	2.540727752	5.135334163	3.190540416	7.646372572	3.342959044	4.99372086	8.48815369	7.646372572	1.967085271	3.883255656	8.39862708	5.485198441	0	2.724580263	7.288416849	4.975740862	6.550921588
2.276157824	4.475616747	2.979855708	2.322373722	0.159013233	1.617550885	3.137039093	3.930115294	6.723108748	3.246927291	3.186032536	5.293266909	1.233457011	1.879143431	1.287102047	2.662583741	2.458551385	6.116446887	2.693397715	1.799874892	5.048725804	3.801529513	3.132755243	4.307841762	3.038983249	1.733461997	0.811120956	2.861365615	2.744239103	3.518249765	2.571117321	1.989741363	1.318977106	0.597137146	4.264138071	3.255955012	6.895466367	0.625221045	3.980145207	7.500589862	6.895466367	0.784665587	2.125328911	6.856832	3.624095409	2.724580263	0	6.535912197	3.76865648	5.473242095
6.209473162	2.074768098	3.868406414	6.335552026	6.689746617	7.626700741	4.215524173	8.309310604	0.327724399	5.625168771	3.351600884	1.414193154	5.570840298	4.672990709	5.91117794	4.148060889	4.082815235	0.431367521	3.996906623	5.110911493	1.703054806	3.447893428	7.838198036	2.311568856	4.678964397	5.35606088	5.759903778	4.815958865	4.156257154	6.14452187	3.994898175	4.932334647	5.221248857	6.019628132	2.287550927	4.105243074	0.365079569	6.411216873	2.555986805	1.29002699	0.365079569	6.814252829	4.467339631	2.429188956	3.54862654	7.288416849	6.535912197	0	2.788568175	1.227904755
3.890875747	0.713862275	1.217034242	4.022520617	3.91951118	4.987174275	2.213612584	6.157387967	2.957997787	3.710715861	0.665556862	1.538088793	2.785422503	1.892771123	3.142744205	1.432588952	1.361643814	2.361760443	1.505609895	2.556865952	1.321456859	1.337734051	5.544033894	0.920551733	2.260294748	2.609869878	3.018177256	2.730066052	1.82490774	4.27875645	1.207662477	2.185057966	2.469914728	3.282661038	0.690822139	2.169018709	3.141690814	3.622650683	0.362135578	3.742575971	3.141690814	4.122185647	1.678815946	3.424774269	1.296744227	4.975740862	3.76865648	2.788568175	0	1.711384971
5.457659297	1.037644457	2.679990466	5.588270095	5.622238133	6.686348541	3.561848471	7.667112928	1.305773753	5.062941981	2.347284725	0.191098007	4.436463515	3.594193917	4.749448474	2.973419684	3.068102535	0.816625476	3.111106962	4.214385044	0.477727555	2.220005529	7.115240561	1.576217624	3.45220435	4.181581762	4.729418319	4.149828757	3.351879346	5.617278937	2.90279081	3.762240241	4.180780331	4.994002203	1.418553916	3.47415647	1.533713867	5.291059997	1.578027584	2.031192673	1.533713867	5.830569694	3.361282494	2.100695626	2.322729795	6.550921588	5.473242095	1.227904755	1.711384971	0


EDGE_KM_T
0	6.267964461	4.994458584	0.186070347	3.254126438	2.391304477	2.660082903	3.15560894	8.926081511	1.495769069	4.554145859	7.507578317	3.081155895	3.258970764	3.729964306	4.572108246	3.664936077	8.086809893	3.370053117	1.898517947	7.301994303	6.209306636	2.344427241	5.476078095	5.203438595	3.364998916	2.192036843	1.821440447	2.970608321	1.767699342	4.131869996	3.73375066	2.373464034	2.324066268	5.681959011	2.793974306	8.963098997	3.659194585	5.514023062	10.28951543	8.963098997	2.408939359	3.670808473	10.32137907	5.958288445	1.54118999	3.082156374	8.494388062	5.492051887	7.686810954
6.269144797	0	2.2930727	6.455247205	5.48621432	7.522276112	3.608405157	9.425196291	2.658906126	5.695565769	1.714255563	1.239866837	3.596911506	3.009913602	4.04421398	2.45037342	2.603719818	1.819432832	2.898515925	4.37041717	1.034182655	2.396236296	8.614009685	0.791910696	3.828854664	3.661214386	4.617927417	4.447222677	3.297964764	6.451611854	2.136778438	3.186115575	3.895596502	4.969449234	0.586054457	3.474467284	2.695999256	4.671376722	0.754100622	4.022556766	2.695999256	6.223516262	2.598010533	4.053962357	2.419226948	7.810633491	5.341339057	2.227165479	0.776167497	1.419167878
4.995091826	2.293182095	0	5.181199719	4.21223717	6.248334963	2.981265286	8.151219044	4.034990495	4.421449313	1.570344971	2.514164971	2.32287108	1.735816074	2.366171912	0.422472066	1.329583206	3.749734598	1.819698555	3.096328326	2.308463661	1.215081509	7.340031599	2.949391902	1.535822665	1.630089164	3.343891038	3.173087303	2.196595283	5.17751025	0.86264055	1.261160213	2.621529115	3.695427692	2.605911315	3.106517876	4.419752424	3.397386999	2.159244803	5.296983613	4.419752424	4.949535802	1.323901825	5.328310895	0.964005774	6.536631629	4.067352185	4.2035173	1.647560727	2.693477709
0.186069306	6.453995423	5.180510324	0	3.261424325	2.39859553	2.846130875	2.969525258	9.112086841	1.488444732	4.740191016	7.693601062	3.088465795	3.445031609	3.737270175	4.758163363	3.850989501	8.272821774	3.556103719	2.084580442	7.488020302	6.3953519	2.158343718	5.662109848	5.389498064	3.551068118	2.199345974	2.007494105	3.156659054	1.760377826	4.317923178	3.919814946	2.559530602	2.331372583	5.867991565	2.980020768	9.14910187	3.666494859	5.700059197	10.47551372	9.14910187	2.416237874	3.856867195	10.50739223	6.144335305	1.35511098	3.089456107	8.680394925	5.678091131	7.872831477
3.254426921	5.48569165	4.211752122	3.261716422	0	2.035994082	4.256440476	3.942140399	8.14434364	4.750447606	3.771576791	6.725477016	1.889183782	2.476074242	1.845944133	3.789331304	2.88219447	7.304935305	3.094913671	2.525146999	6.519825094	5.426735342	3.158320955	4.693788788	4.420570806	2.581927971	1.062324319	4.118915527	3.471812392	5.022319015	3.349133448	2.950782321	1.590448056	0.930236097	4.899652974	4.381670156	8.181412405	0.814813948	4.731642301	9.507924472	8.181412405	0.845200198	2.887956268	9.539477601	5.175683834	3.129906555	0.172008591	7.712618196	4.709606242	6.904756028
2.391429489	7.520793019	6.24716484	2.398734597	2.035891668	0	3.912811343	3.079358409	10.17906091	3.887269532	5.806890866	8.760455242	3.924895428	4.511623412	3.881716193	5.824794623	4.91763242	9.339750747	4.62276607	3.151160889	8.554852078	7.462051016	2.295536577	6.728902002	6.456099348	4.617602364	2.903898644	3.255683615	4.2233205	4.159183202	5.384567766	4.98638305	3.626082987	2.552446949	6.934778199	4.046711632	10.21609286	2.850669846	6.766821177	11.54253626	10.21609286	1.298574081	4.923473621	11.57431234	7.211023427	2.267054537	2.180720986	9.747358445	6.744831703	8.939700956
2.660265852	3.608027425	2.981161757	2.84634513	4.256001072	3.912925708	0	5.815998068	6.266364315	2.08695453	1.894087091	4.847711761	4.082927521	2.808580056	4.731770502	3.138387488	1.940642285	5.427036508	1.161494457	1.731114891	4.642099841	3.549246954	5.004815003	2.816134281	4.516772073	4.348915649	3.193815057	0.838691226	0.784594121	2.842937986	2.36598009	3.873926003	2.905380231	3.325868635	3.022008322	0.133904348	6.303402877	4.661048752	2.854041668	7.629858617	6.303402877	3.410808604	2.855984284	7.661594635	3.298215074	4.201539048	4.084015182	5.834657716	2.832043832	5.026963456
3.155323136	9.422525352	8.149432517	2.969273493	3.942139649	3.079181827	5.814981924	0	12.08013285	3.728291447	7.708988929	10.66197584	5.827677109	6.414125714	5.784601758	7.727149306	6.819943482	11.24099146	6.525004434	5.053705673	10.45645651	9.364151828	0.81117853	8.630654699	8.35856618	6.520319986	4.806700123	4.97645252	6.125562249	2.972388238	7.286872584	6.888974009	5.528732754	4.45532101	8.836551549	5.948843316	12.11710149	4.753699573	8.668686776	13.44342682	12.11710149	3.201649122	6.825921214	13.47558624	9.113165368	1.614326051	4.083764661	11.64846988	8.646777401	10.84116431
8.928354071	2.659027609	4.034966109	9.114461413	8.145491778	10.18158594	6.267513362	12.08447366	0	8.354717938	4.373350432	1.570747439	6.256132064	5.669082799	6.299430758	4.355741819	5.262853853	0.839504346	5.557636594	7.029594178	1.923711582	4.138099021	11.2732863	3.450942051	5.57078469	5.563351465	7.277151614	7.106357826	5.957086055	9.110777384	4.795911325	5.194425117	6.55479281	7.628686774	3.24508961	6.133568336	0.384760644	7.330642875	3.413152741	1.363684011	0.384760644	8.882790744	5.257169672	2.74089083	4.161097237	10.46988873	8.000607773	0.431747914	3.435234347	1.368551919
1.49571156	5.694631111	4.421224341	1.48839535	4.749769315	3.886914744	2.086830685	3.728690787	8.352625918	0	3.980880215	6.934205773	4.57685609	3.302653325	5.225645266	3.998890111	3.091709866	7.513385542	2.796813447	2.225166157	6.728637278	5.636041501	2.917509849	4.902748515	5.010863715	4.842877395	3.687733372	1.248215356	2.397369278	0.755945819	3.55864263	4.367953354	3.399377122	3.819749357	5.108633254	2.220714886	8.389631687	5.154848852	4.940714383	9.71602627	8.389631687	3.904585234	3.35008589	9.747960856	5.385030924	2.114294134	4.577808058	7.92093978	4.918758036	7.113427813
4.55476551	1.714182832	1.570276582	4.740862582	3.771761287	5.807788069	1.894135174	7.710743352	4.372957609	3.981248241	0	2.954007559	2.672383148	1.397850446	3.321295007	1.727560001	0.8894219	3.533517887	1.184232463	2.65607278	2.748340051	1.673473358	6.899557563	1.378907678	3.106018945	2.938328804	2.90353199	2.732923557	1.58368063	4.737279878	0.95511954	2.463255176	2.181231239	3.255039377	1.128136532	1.760205035	4.410038148	3.250668841	0.960108712	5.736572173	4.410038148	4.509066449	1.4452184	5.768054013	1.696455832	6.096204492	3.626895479	3.94122482	0.938057767	3.133297214
7.509268782	1.239912224	2.514172452	7.695376942	6.726417803	8.762517337	4.848411319	10.66539967	1.570761082	6.93562318	2.954246181	0	4.837048646	4.249990864	4.880350509	2.936645385	3.843756091	1.285503482	4.138536616	5.610503538	0.352966693	2.567369243	9.854212187	2.031827286	4.000066063	4.144266094	5.8580688	5.687260247	4.537986181	7.691684841	3.376813373	3.775335884	5.135705371	6.209606174	1.825975473	4.714465109	1.95552365	5.911567023	1.994041412	2.782824994	1.95552365	7.463716275	3.83807607	2.814148406	2.590368711	9.050811065	6.581532348	1.739287489	2.016125456	0.202197261
